CACHE type 5 produced by analog 6.0/Unix. Do not modify or delete!
T	0	0	12884	6670	3	5550	274207022
D	22598144	22888746
15693	44	50	50	35460
15693	48	30	30	8060
15693	53	30	30	55660
15693	54	810	180	7432230
15693	55	220	60	0
15693	56	320	40	6859590
15693	57	220	120	5222380
15693	58	290	90	60000
15693	61	70	10	2293220
15693	62	70	10	0
15693	63	300	40	17545240
15693	64	140	40	0
15693	74	140	40	0
15693	84	20	20	54720
15693	87	120	20	7348920
15693	92	130	30	7383030
15693	93	10	10	22640
15693	98	80	20	0
15693	106	70	10	0
15693	107	10	10	0
15693	111	160	40	2347940
15693	112	20	20	1060
15693	113	130	90	192080
15693	114	40	30	1064000
15693	115	30	0	3059190
15693	120	10	0	31610
15693	144	70	10	2293220
15693	145	120	20	0
15693	146	70	10	27360
15693	148	50	10	23430
15693	149	60	10	0
15693	155	20	10	0
15693	159	20	20	25610
15693	164	160	30	1291010
15693	282	10	10	25610
15694	12	60	10	25610
15694	16	420	250	3407490
15694	17	160	70	41120
15694	18	90	20	5847660
15694	19	190	140	86620
15694	26	10	0	974610
15694	28	130	50	7404160
15694	31	20	10	0
15694	39	126	36	4603545
15694	49	18	0	1754298
15694	60	9	9	27297
15694	63	45	9	2031984
15694	66	9	9	23706
15694	80	9	0	877149
15694	85	117	45	6663744
15694	86	9	9	23706
15694	101	9	9	27297
15694	102	18	18	42048
15694	107	90	18	6585228
15694	121	9	0	877149
15694	126	45	9	2031984
15694	129	18	18	60174
15694	130	9	9	32490
15694	137	45	9	2031984
15694	146	9	9	27297
15694	201	9	9	27297
15694	238	9	9	27297
15694	253	18	18	27297
15694	272	9	9	27297
15694	277	9	9	27297
15695	24	9	0	877149
15695	39	9	9	27297
15695	61	9	9	27297
15695	114	9	9	27297
15695	281	8	8	24264
15696	18	40	8	0
15696	19	8	8	16304
15696	51	40	8	1806208
15696	64	8	8	24264
15696	65	8	8	31920
15696	66	32	32	87824
15696	77	8	8	24264
15696	85	8	0	779688
15696	122	8	8	24264
15696	123	8	8	31920
15696	126	8	8	21568
15696	127	128	40	7860208
15696	128	8	8	28880
15696	130	16	16	37376
15696	142	48	48	144008
15696	149	8	8	24264
15696	184	8	8	24264
15696	193	8	8	24264
15697	32	42	14	764785
15697	101	7	7	21231
15697	128	7	7	21231
15697	188	7	0	9289
15698	50	28	0	1559201
15698	71	7	7	21231
15698	167	42	42	126007
15699	17	12	6	755454
15699	31	6	6	18198
15699	64	6	6	18198
15699	96	30	6	1354656
15699	122	6	6	18198
15699	182	6	6	18198
15700	91	5	5	15165
15700	101	5	5	15165
15700	128	5	5	15165
15700	257	5	5	15165
15701	69	5	5	15165
15701	87	5	0	487305
15701	100	5	0	487305
15701	119	5	5	15165
15701	220	4	4	12132
15701	222	4	4	12132
15701	242	4	4	10536
15701	247	4	4	10536
15701	249	8	8	22592
15701	251	8	8	30400
15701	252	4	4	10784
15701	253	8	8	24112
15701	254	4	4	10784
15702	53	28	12	928080
15702	64	4	4	12132
15702	88	32	24	1214268
15702	122	4	4	12132
15702	140	4	0	726864
15703	15	15	3	677328
15703	90	6	6	9099
15703	101	3	3	9099
15703	128	3	3	9099
15703	146	3	3	9099
15703	182	6	6	9099
15704	10	4	4	6066
15704	157	2	2	6066
15705	46	2	2	6066
15705	64	2	2	6066
15705	111	2	2	6066
15705	122	2	2	6066
15705	149	2	2	6066
15706	38	1	1	3033
15706	60	1	0	97461
15706	68	5	1	225776
15706	101	1	1	3033
15706	128	22	22	66726
15706	211	22	22	87780
15706	218	22	0	23738
15706	229	22	22	79420
15706	232	88	0	11050732
15706	247	22	22	59312
15707	65	22	22	66726
15708	63	21	21	63693
15708	64	21	21	63693
15708	122	21	21	63693
15708	281	40	40	60660
15709	49	20	20	60660
15709	50	40	40	121320
15709	51	20	20	60660
15709	55	40	40	121320
15709	63	20	20	60660
15709	69	20	20	60660
15709	89	160	120	1082080
15709	95	20	20	60660
15709	101	20	20	60660
15709	104	20	0	21580
15709	128	20	20	60660
15709	197	19	19	57627
15709	198	19	19	57627
15710	61	19	19	57627
15710	77	95	19	4289744
15711	64	18	18	54594
15711	65	18	18	54594
15711	122	18	18	54594
15711	168	17	17	51561
15711	266	34	34	51561
15711	273	17	17	0
15711	287	17	17	0
15712	14	17	17	0
15712	65	17	17	51561
15712	90	102	34	3854461
15712	101	17	17	51561
15712	103	17	17	0
15712	112	17	17	0
15712	128	17	17	51561
15712	242	16	16	48528
15713	66	16	16	48528
15714	21	75	15	3386640
15714	67	30	30	90990
15714	122	15	15	45495
15715	113	14	14	42462
15716	19	13	13	39429
15716	20	65	13	2935088
15716	21	208	104	9752145
15716	252	12	0	15924
15717	54	12	0	1169532
15717	134	12	12	636
15717	207	24	24	42744
15718	43	12	12	54168
15718	45	12	12	42744
15718	49	48	0	2672916
15718	64	12	12	37932
15718	72	11	11	28182
15718	85	11	11	39182
15718	154	11	11	0
15718	168	11	11	0
15719	145	11	0	1351636
15720	43	10	10	35620
15720	84	10	10	35620
15720	247	10	10	35620
15721	146	9	9	32058
15722	74	9	9	32058
15722	172	18	18	64116
15722	272	8	8	28496
15723	172	8	8	28496
15723	255	49	49	173005
15725	77	6	6	21372
15726	98	6	6	21372
15726	155	5	5	17810
15726	241	5	5	17810
15729	148	76	60	2491768
15730	35	3	3	10686
15730	53	3	3	10686
15730	156	3	3	10686
15730	279	2	2	7124
15735	118	6	2	229466
15735	182	1	1	3562
15735	184	1	1	3562
15735	203	1	1	3220
15735	207	3	3	9916
15735	209	2	2	6696
15735	210	1	1	3161
15735	211	1	1	3161
15735	212	2	2	9028
15735	283	1	1	4134
15736	14	1	1	3562
15736	38	1	1	0
15736	53	1	1	0
15736	70	1	1	0
15736	71	1	1	3562
15736	82	1	1	0
15736	130	1	1	0
15736	140	1	1	0
15737	52	3	3	10686
15737	58	96	18	2229123
15737	64	15	3	0
15737	183	3	0	545148
15738	92	3	3	10686
15738	122	15	3	0
15738	129	3	3	10686
15738	219	3	3	10686
15738	248	3	3	10686
15739	5	3	3	10686
15740	25	3	3	10686
15741	19	3	3	10686
15741	44	39	33	975624
15741	134	3	3	159
15742	178	3	3	10686
15743	11	3	3	10686
15744	61	15	3	678915
15744	134	3	3	10686
15745	119	3	0	3981
15746	122	3	0	292383
15746	194	3	3	10686
15746	226	3	0	292383
15746	285	3	3	10686
15746	286	3	0	3237
15747	5	3	3	10686
15747	103	3	0	368628
15747	119	6	6	21372
15747	227	3	0	3981
15747	257	9	9	33711
15747	277	3	3	10686
15748	48	15	3	678915
15748	89	3	3	10686
15749	77	12	12	41397
15750	52	3	3	10686
15750	53	18	6	688398
15750	67	3	3	10686
15750	155	3	3	10686
15750	179	3	0	368628
15750	262	3	3	10686
15751	31	3	3	10686
15751	34	3	3	10686
15751	129	24	6	1054164
15751	130	9	3	1153731
15752	60	3	0	368628
15752	146	3	0	292383
15752	240	3	0	3981
15753	116	6	6	21372
15755	66	15	3	678915
15755	130	21	21	74145
15755	249	3	3	10686
15756	55	3	3	9660
15756	58	3	0	3237
15756	113	3	3	10686
15756	233	3	3	0
15756	252	3	3	10686
15756	271	3	3	0
15757	5	3	3	0
15757	11	3	3	0
15757	24	3	3	0
15757	36	3	3	0
15757	47	3	3	0
15757	49	3	3	10686
15757	60	3	0	3981
15757	101	3	3	10686
15757	186	3	3	10686
15758	272	3	3	10686
15759	205	2	2	7124
15760	15	28	12	1492404
15761	38	8	8	26956
15762	107	12	4	458932
15762	126	2	0	2654
15762	242	2	2	7124
15763	37	2	2	7124
15763	59	2	2	7124
15763	100	2	0	245752
15763	134	2	2	9028
15765	107	2	2	7124
15765	145	2	0	245752
15765	146	4	0	480656
15765	175	2	2	7124
15765	274	2	2	7124
15765	278	2	2	9028
15766	50	2	2	6440
15766	85	2	2	106
15766	98	2	0	2158
15767	21	2	2	5124
15767	111	10	2	452610
15767	207	2	2	7124
15767	211	2	2	7124
15768	77	2	2	7124
15768	138	2	2	7124
15768	158	2	2	7124
15768	177	2	2	6322
15768	259	2	2	7124
15769	126	2	0	245752
15770	79	2	0	245752
15770	110	4	4	13446
15770	146	2	2	7124
15770	193	2	2	7124
15771	7	2	2	7124
15771	124	2	2	7124
15771	143	2	2	7124
15771	210	16	12	114512
15771	287	4	4	14248
15772	143	2	0	2654
15772	149	2	2	7124
15773	0	2	2	7124
15773	238	2	2	0
15773	248	2	2	6322
15773	251	2	2	7124
15773	261	2	2	0
15774	86	20	4	1465490
15774	87	4	4	15468
15774	88	2	2	7124
15774	132	2	2	7124
15774	235	2	2	7124
15775	124	2	2	7124
15775	262	2	2	7124
15776	65	2	2	7124
15776	70	2	2	5124
15776	124	2	2	7124
15776	144	2	2	8268
15776	260	2	2	7124
15776	270	2	2	7124
15776	280	2	2	7124
15777	0	2	2	7124
15777	25	2	0	245752
15777	84	2	2	7124
15777	134	2	0	245752
15777	225	2	2	7124
15777	226	2	0	2158
15778	22	2	2	7124
15778	60	10	2	452610
15778	191	2	2	7124
15778	236	2	2	7124
15778	272	24	24	84612
15779	128	2	0	2654
15779	150	2	2	0
15779	159	2	2	7124
15779	176	2	2	6322
15779	199	2	2	7124
15779	222	2	2	8268
15780	33	2	0	245752
15780	99	2	2	0
15780	109	2	2	5124
15780	110	2	2	6322
15780	127	2	2	6440
15780	132	2	2	0
15780	228	2	2	0
15781	113	4	4	14248
15781	115	2	0	363432
15781	127	2	2	5124
15781	273	2	2	8268
15782	0	2	2	6440
15782	18	2	2	9028
15782	36	2	2	6322
15782	45	2	2	0
15782	156	10	2	452610
15782	191	2	2	5124
15782	213	2	2	8268
15782	236	6	6	22592
15782	248	2	2	9028
15782	277	2	2	6440
15782	286	2	2	6322
15783	19	2	2	7124
15783	45	2	2	7124
15783	58	2	2	0
15783	101	14	14	49430
15783	138	2	2	0
15783	159	2	2	0
15783	177	2	2	0
15783	190	2	2	0
15783	202	10	2	452610
15783	218	2	2	0
15784	30	10	2	452610
15784	31	2	2	6440
15784	108	2	2	7124
15784	170	10	2	452610
15784	171	16	8	1033354
15784	174	2	2	0
15784	186	2	2	7124
15784	250	2	2	7124
15784	284	2	2	9028
15785	42	12	4	459050
15785	43	2	2	7124
15785	84	2	2	8268
15785	103	2	2	7124
15785	168	4	4	14248
15785	183	2	2	7124
15785	249	2	2	7124
15786	11	2	2	7124
15786	43	2	2	7124
15786	60	8	8	28496
15786	75	8	8	28496
15786	105	2	2	7124
15786	150	4	4	14248
15786	185	2	2	7124
15786	210	8	0	445486
15786	250	2	2	7124
15787	41	2	2	7124
15787	119	10	2	452610
15787	145	2	2	5124
15787	146	2	2	7124
15787	172	2	2	7124
15787	215	2	2	0
15788	69	10	2	452610
15788	81	2	2	7124
15788	152	4	4	15350
15788	189	2	2	7124
15788	190	2	0	2158
15788	234	2	2	7124
15789	104	2	0	194922
15789	108	2	2	7124
15789	194	2	2	7124
15789	200	4	0	248406
15789	208	2	0	245752
15789	256	2	0	363432
15789	287	2	2	7124
15790	2	2	2	106
15790	16	2	0	2654
15790	26	2	0	2654
15790	63	2	2	0
15790	64	2	0	194922
15790	132	2	0	363432
15790	165	6	6	21832
15790	181	2	2	7124
15790	228	10	10	37866
15790	232	2	2	5124
15790	239	2	2	6440
15791	186	2	2	7124
15791	187	2	0	2158
15791	193	4	4	14248
15792	91	2	2	8268
15792	92	2	0	245752
15792	99	2	0	363432
15792	154	8	0	1004612
15793	83	2	2	7124
15793	104	2	2	0
15793	117	2	2	7124
15793	121	2	0	2158
15793	208	2	2	7124
15793	225	14	14	49430
15793	231	2	2	7124
15794	24	2	2	0
15794	28	10	2	452610
15794	104	2	2	0
15794	142	2	2	7124
15795	5	8	8	28496
15795	85	6	6	21714
15795	129	4	4	11446
15795	130	2	2	9028
15795	147	2	2	7124
15796	73	2	2	7124
15796	108	2	2	0
15796	125	2	2	7124
15796	168	2	2	7124
15796	190	4	2	11186
15797	15	8	8	28496
15797	71	2	2	5124
15797	86	6	0	1016840
15797	87	2	0	287766
15797	88	4	4	14248
15797	173	2	2	8268
15797	175	2	2	6440
15797	193	2	2	7124
15797	252	2	2	7124
15798	45	2	2	7124
15798	77	2	2	7124
15798	110	2	2	7124
15798	116	2	2	7124
15798	183	6	6	21372
15798	186	2	2	7124
15798	190	2	2	7124
15799	28	2	2	0
15799	45	2	2	7124
15799	125	2	2	7124
15799	209	8	8	28496
15799	211	2	2	7124
15799	212	2	2	7124
15799	258	2	2	0
15800	3	2	2	7124
15800	28	22	14	494552
15800	33	2	2	7124
15800	66	2	2	7124
15800	90	2	0	2654
15800	123	2	2	5124
15800	127	2	2	9028
15800	129	2	2	7124
15800	142	16	12	114512
15800	143	20	4	1465490
15800	144	2	2	6322
15800	159	8	8	28496
15800	177	2	0	2158
15800	180	2	2	7124
15800	190	2	2	8268
15800	201	14	14	49088
15800	210	2	2	7124
15801	59	2	2	7124
15801	165	2	2	0
15801	186	8	8	28496
15802	85	2	2	0
15802	102	8	8	28496
15802	178	4	4	14152
15802	239	2	2	7124
15802	242	2	0	2654
15803	80	2	2	7124
15803	90	4	4	14248
15803	98	2	2	0
15804	61	2	2	7124
15804	94	24	8	1480080
15804	282	2	2	7124
15805	7	6	6	22516
15805	10	2	2	6440
15805	11	2	2	0
15805	31	2	2	6322
15805	86	8	8	28496
15805	175	8	8	28496
15805	184	2	2	8268
15805	186	2	2	0
15805	192	2	2	9028
15805	213	2	2	6322
15806	60	2	0	2654
15806	117	2	2	7124
15806	130	2	2	7124
15806	173	2	2	7124
15807	12	2	0	2654
15807	13	2	2	0
15807	65	2	2	7124
15807	202	8	8	28496
15807	217	4	4	13564
15807	272	2	0	245752
15808	3	2	0	194922
15808	36	2	2	0
15808	89	24	8	1479642
15808	138	16	8	473982
15808	139	10	2	1012880
15808	163	4	4	14248
15808	214	2	0	2654
15808	219	8	8	28956
15808	225	2	0	2654
15808	275	2	2	7124
15809	42	22	6	1465490
15809	61	1	1	3161
15809	224	4	4	14248
15810	27	1	1	3562
15810	67	1	1	0
15810	69	1	1	0
15810	73	1	1	0
15810	84	1	1	0
15810	104	1	1	0
15810	111	1	1	0
15810	155	1	1	0
15810	187	1	1	0
15810	200	1	1	0
15810	224	1	1	0
15810	227	1	1	0
15810	255	1	1	3562
15811	241	4	4	14248
15812	26	1	1	3562
15812	60	1	0	1327
15812	134	1	1	3562
15812	157	2	2	7124
15812	170	1	1	0
15812	199	1	1	4134
15812	200	4	4	13505
15812	278	1	1	0
15813	112	1	1	3562
15813	148	1	1	3562
15813	176	1	1	0
15813	201	3	3	10686
15813	202	1	1	3562
15813	229	1	1	3562
15814	1	1	1	3562
15814	32	7	7	24715
15814	39	1	1	3562
15814	40	1	1	3562
15814	48	4	4	14772
15814	49	1	1	53
15814	252	1	1	3562
15815	105	1	1	3562
15815	111	2	2	7124
15815	112	3	3	10515
15815	175	1	0	1327
15815	219	4	4	14248
15815	255	3	3	11258
15815	287	1	1	3562
15816	0	1	0	1079
15816	1	1	1	4514
15816	8	1	1	3562
15816	70	1	1	3562
15816	101	1	1	0
15816	108	1	1	3562
15817	6	1	0	122876
15817	105	1	0	1079
15817	106	1	1	0
15817	177	5	5	17810
15817	218	1	1	3562
15818	30	4	4	14419
15818	36	1	1	3220
15818	58	1	1	3562
15818	150	1	1	0
15818	151	1	1	0
15818	249	1	0	1079
15818	267	1	1	0
15819	53	1	1	3562
15819	63	1	1	0
15819	104	1	0	122876
15819	120	1	0	181716
15819	129	1	1	3562
15819	144	6	2	228867
15819	145	6	2	509660
15819	146	6	6	21372
15819	179	3	3	11258
15819	197	4	4	14248
15819	198	1	1	3562
15819	236	1	0	97461
15819	270	1	1	3562
15820	8	1	1	3562
15820	34	5	1	226305
15820	37	1	1	3562
15820	129	1	1	3562
15820	195	1	1	3562
15820	212	1	1	3562
15820	279	1	1	3562
15821	42	1	1	3562
15821	51	1	0	1327
15821	86	1	1	3562
15821	125	1	1	3562
15821	129	1	1	3562
15821	179	1	1	3562
15821	181	2	1	4641
15821	215	4	4	14248
15821	249	1	0	97461
15821	268	1	1	3562
15821	273	1	1	3562
15821	287	2	1	4641
15822	33	1	1	3562
15822	159	1	1	3562
15822	227	1	1	3562
15822	281	3	3	11258
15822	284	1	1	0
15823	45	1	0	122876
15823	129	1	1	3562
15823	131	1	0	1079
15823	214	4	4	14248
15824	2	1	1	3562
15824	21	1	1	0
15824	26	1	1	3562
15824	56	1	0	1327
15824	137	1	1	0
15824	196	1	1	3562
15824	222	1	0	0
15824	263	1	1	0
15825	243	4	4	14248
15826	39	1	1	3562
15826	44	1	1	3562
15826	54	1	1	0
15826	198	6	6	21372
15826	281	6	6	21372
15827	48	6	6	21372
15827	61	6	0	7962
15827	132	6	6	21372
15827	163	6	6	0
15827	185	18	12	51888
15827	186	6	6	18966
15827	194	6	0	0
15827	196	6	6	21372
15827	275	6	6	21372
15827	278	6	6	21372
15828	39	30	6	1357830
15828	43	6	6	21372
15828	48	6	6	21372
15828	52	24	24	85488
15828	111	6	6	21372
15828	135	6	6	21372
15828	162	6	0	0
15828	190	6	6	21372
15828	225	6	6	21372
15828	231	6	0	0
15828	256	6	0	0
15829	3	6	0	0
15829	166	6	6	0
15829	176	24	24	85488
15829	180	6	6	0
15829	192	6	0	0
15829	203	6	6	0
15829	211	6	0	0
15829	230	6	6	19320
15829	245	6	6	0
15829	267	6	6	0
15830	24	6	6	0
15830	28	6	6	21372
15830	54	6	6	0
15830	250	6	6	0
15830	275	6	6	0
15830	277	6	6	21372
15831	96	30	10	1149335
15831	161	5	0	0
15831	259	5	5	17810
15832	27	5	5	0
15832	29	5	0	0
15832	47	20	20	71240
15832	111	40	30	286280
15832	275	5	5	0
15833	56	25	5	1131525
15833	98	25	5	1131525
15833	117	5	0	6635
15833	165	5	5	0
15833	191	25	20	71240
15833	266	5	5	17810
15834	25	25	5	1131525
15834	26	30	10	2550010
15834	31	5	0	0
15834	32	5	0	0
15834	75	25	5	1131525
15834	76	45	25	2599485
15834	171	5	5	0
15834	244	5	0	0
15834	284	5	5	17810
15835	57	5	5	17810
15835	58	5	0	5395
15835	130	5	5	17810
15835	239	5	0	6635
15835	245	5	5	17810
15836	29	25	5	1131525
15836	30	5	5	16100
15836	44	5	5	0
15836	83	20	20	71240
15836	115	5	5	17810
15836	193	5	5	17810
15836	194	5	5	17810
15836	255	5	5	17810
15837	53	50	10	3663725
15837	56	5	5	17810
15837	71	45	10	2755145
15837	72	5	0	908580
15837	111	5	5	17810
15837	138	10	10	35620
15837	147	5	5	265
15837	217	5	5	17810
15837	257	5	5	17810
15837	258	5	5	17810
15837	259	5	5	17810
15838	10	5	5	0
15838	58	5	5	17810
15838	107	5	5	17810
15838	154	10	5	18205
15838	164	10	5	21200
15838	193	5	5	17810
15838	215	5	0	0
15838	257	10	10	33615
15838	259	5	5	17810
15838	267	5	5	12810
15838	276	5	0	6635
15839	53	4	4	14248
15839	63	20	4	1303212
15839	107	8	4	22372
15839	112	4	4	14248
15839	161	16	16	56992
15839	192	4	4	14248
15839	195	4	4	14248
15839	251	4	4	14248
15839	255	4	4	14248
15840	20	8	4	18564
15840	49	4	4	14248
15840	98	4	4	14248
15840	133	4	4	14248
15840	185	4	4	14248
15840	263	4	4	14248
15841	5	4	4	14248
15841	30	68	20	3861724
15841	43	4	4	14248
15841	50	4	0	491504
15841	80	4	4	0
15841	105	48	16	2959284
15841	142	8	4	17196
15841	180	4	4	14248
15841	227	4	4	14248
15841	279	4	4	0
15841	280	4	0	5308
15842	112	8	8	28496
15843	35	15	3	678915
15843	115	3	3	9660
15843	122	27	15	711633
15843	254	6	6	20346
15843	257	21	21	74145
15843	265	3	3	10686
15844	44	3	3	10686
15844	73	3	3	10686
15844	107	3	3	10686
15844	123	3	3	0
15844	134	3	3	0
15844	196	3	3	10686
15844	249	3	3	10686
15845	22	3	3	10686
15845	43	3	3	10686
15845	111	3	3	10686
15845	153	3	3	10686
15845	154	3	0	3237
15845	170	3	0	3981
15845	234	3	3	10686
15845	235	3	3	10686
15845	259	3	3	10686
15845	260	3	3	10686
15846	41	3	0	0
15846	57	3	3	10686
15846	111	3	3	10686
15846	193	3	3	10686
15846	264	3	3	0
15846	286	3	3	10686
15847	71	3	3	10686
15847	111	3	3	10686
15847	189	3	3	10686
15847	212	3	0	3981
15847	230	3	3	9660
15847	240	3	3	10686
15847	255	3	3	10686
15847	278	3	3	10686
15847	281	3	3	10686
15848	0	12	12	41397
15848	13	3	3	13542
15848	55	45	12	1514544
15848	56	21	9	1540548
15848	86	3	3	10686
15848	155	3	3	10686
15848	190	3	3	10686
15848	197	3	3	10686
15848	204	3	3	9660
15848	262	3	3	10686
15849	42	3	3	10686
15849	106	3	3	10686
15849	133	3	3	10686
15849	182	12	12	42744
15849	191	3	3	10686
15849	236	3	3	10686
15849	248	3	3	10686
15849	249	3	3	10686
15850	52	3	3	10686
15850	113	3	3	10686
15850	156	3	3	10686
15850	200	3	3	10686
15850	266	3	3	10686
15850	268	3	0	3237
15850	271	3	3	0
15851	51	3	3	10686
15851	60	30	6	1357830
15851	81	3	0	3981
15851	117	3	3	10686
15851	188	12	12	42744
15851	251	15	3	678915
15851	257	3	3	10686
15851	281	3	3	0
15851	283	3	3	0
15851	286	3	3	10686
15852	9	3	3	7686
15852	24	3	3	0
15852	29	3	3	0
15852	53	3	3	9483
15852	71	3	3	0
15852	75	33	9	2207718
15852	79	3	3	10686
15852	80	3	3	0
15852	96	6	6	23025
15852	102	3	3	12402
15852	121	3	3	7686
15852	127	3	3	9660
15852	145	3	3	0
15852	149	3	3	0
15852	168	3	3	0
15852	179	3	3	0
15852	236	3	3	12402
15852	254	3	3	0
15852	272	3	3	0
15853	9	3	3	10686
15853	10	3	0	3237
15853	17	3	3	7686
15853	54	3	3	10686
15853	203	3	3	10686
15853	236	12	12	42744
15853	246	3	3	10686
15853	284	3	3	0
15854	60	3	0	3981
15854	110	3	0	368628
15854	278	3	3	0
15855	132	15	3	678915
15855	225	3	3	9660
15855	253	3	3	10686
15856	17	3	3	0
15856	79	3	3	10686
15856	90	3	0	3237
15856	159	3	0	368628
15856	190	12	12	42744
15857	110	3	0	3981
15857	117	3	3	10686
15857	145	3	3	159
15857	206	3	3	10686
15857	210	3	3	10686
15857	222	3	3	10686
15857	269	3	3	10686
15858	35	2	2	5124
15858	46	8	8	28496
15858	63	2	2	7124
15858	88	2	2	7124
15859	256	2	2	7124
15859	273	2	2	0
15860	132	2	2	7124
15860	138	2	0	2158
15860	242	1	1	0
15860	286	1	1	3220
15861	19	1	1	4514
15861	30	4	4	14248
15861	41	1	1	3562
15861	55	5	1	225963
15861	221	1	1	3562
15861	275	1	1	3562
15862	11	1	1	3562
15862	72	1	1	3562
15862	100	5	1	226305
15862	101	5	1	226305
15862	147	1	1	3562
15862	156	9	7	60818
15862	179	3	3	9344
15862	213	1	1	3562
15862	221	1	1	3562
15862	248	1	1	0
15863	17	1	1	3562
15863	24	4	4	14248
15863	55	1	1	3562
15863	80	1	1	3562
15863	103	7	1	508846
15863	110	1	0	122876
15863	128	1	1	3562
15863	194	1	1	3562
15863	205	1	1	3562
15863	249	1	1	3562
15863	254	1	0	1327
15863	256	1	1	0
15863	278	1	1	3562
15864	37	1	1	3562
15864	45	5	1	226305
15864	55	1	1	3562
15864	71	7	1	508846
15864	85	1	1	3562
15864	108	2	1	126438
15864	123	1	1	3562
15864	166	1	0	1079
15864	194	1	1	3220
15864	198	1	1	3562
15864	201	1	1	4514
15864	275	1	1	3562
15865	88	4	4	14248
15865	94	7	1	508846
15865	195	7	1	508846
15865	203	1	1	3562
15865	250	7	1	508846
15866	25	1	0	122876
15866	65	1	0	1327
15866	67	1	1	0
15866	85	1	1	0
15866	100	1	0	0
15866	102	1	0	0
15866	169	4	4	15371
15866	176	1	1	3562
15866	188	1	1	2562
15866	194	1	1	3562
15866	208	1	1	0
15867	56	10	2	732745
15867	57	3	3	8943
15867	116	4	4	14248
15867	133	1	1	3562
15867	233	1	1	0
15867	256	1	1	0
15867	258	1	1	3562
15868	80	1	1	3562
15868	146	1	0	1079
15868	164	1	1	3562
15868	225	1	1	3562
15868	227	1	1	0
15868	234	1	1	3562
15868	242	1	1	0
15869	10	4	4	14248
15869	19	1	1	3562
15869	97	1	1	3562
15869	178	1	1	3562
15869	218	1	1	0
15869	240	1	1	3562
15870	32	1	1	3562
15870	112	1	1	3562
15870	163	1	1	3562
15870	181	1	1	3562
15870	231	1	1	4514
15871	27	1	1	3562
15871	28	3	3	10686
15871	99	1	0	122876
15871	102	2	1	126438
15871	103	2	1	5213
15871	105	3	0	320590
15871	107	1	1	0
15871	116	1	1	0
15871	123	1	1	0
15871	135	1	1	0
15871	170	1	1	3562
15871	199	1	1	3562
15871	225	1	1	0
15872	1	1	0	181716
15872	41	1	0	122876
15872	57	1	1	3562
15872	73	1	1	0
15872	192	1	1	3562
15873	41	1	1	3562
15873	52	2	2	3562
15873	124	1	1	3562
15873	125	1	1	3562
15873	137	4	4	14248
15873	274	1	1	3562
15873	285	8	6	57256
15874	3	4	0	403380
15874	18	1	0	122876
15874	26	1	1	0
15874	35	1	1	3562
15874	37	1	1	3562
15874	45	2	0	0
15874	51	1	1	3562
15874	64	1	1	0
15874	121	1	1	3562
15874	124	7	7	24715
15874	214	1	1	2562
15874	232	1	1	3562
15875	42	1	1	3562
15875	53	1	1	3562
15875	54	1	0	1079
15875	66	4	4	14248
15875	72	11	3	737259
15875	122	1	0	1327
15876	165	1	1	3562
15876	182	1	1	0
15877	25	1	1	0
15877	33	1	1	0
15877	150	4	4	14248
15877	195	1	1	3562
15878	18	5	1	226305
15878	25	4	0	27298
15878	122	13	5	743041
15878	161	1	1	3562
15879	34	4	4	14248
15879	107	1	0	0
15879	124	1	0	122876
15879	133	1	0	0
15879	271	1	0	1327
15880	23	8	1	577514
15880	36	1	1	3562
15880	38	1	0	1079
15880	40	1	1	3562
15880	100	5	1	130077
15880	101	1	0	9000
15880	103	1	1	3562
15880	148	1	1	0
15880	157	1	1	0
15880	169	1	1	0
15881	77	2	2	7124
15881	78	2	2	7124
15881	168	1	1	3562
15881	176	2	2	7734
15882	184	1	1	3562
15882	190	1	1	0
15882	241	1	1	0
15882	287	1	1	0
15883	48	4	4	14248
15883	182	1	1	0
15883	205	1	1	2562
15883	248	1	1	3562
15883	272	1	0	0
15883	274	1	0	0
15883	286	1	0	0
15884	33	1	1	3562
15884	51	1	1	0
15884	69	1	1	3562
15884	115	1	1	2562
15884	201	1	1	3562
15884	202	1	0	1079
15884	285	1	1	3562
15885	27	4	4	14248
15885	42	1	1	3562
15885	149	1	1	3562
15886	25	1	1	0
15886	38	1	1	0
15886	144	1	1	3562
15886	182	1	1	3562
15886	265	1	1	3562
15887	13	1	1	0
15887	67	1	1	3562
15887	71	1	1	3562
15887	101	4	4	14248
15887	125	1	1	3562
15887	134	1	1	4514
15887	157	1	1	0
15887	274	1	0	0
15887	275	1	1	3562
15887	282	1	0	0
15888	2	1	1	53
15888	5	1	0	0
15888	23	5	1	225963
15888	56	1	1	0
15888	83	1	1	0
15888	84	1	1	3562
15888	122	2	1	5593
15888	145	1	1	0
15888	159	2	2	4514
15888	162	1	1	0
15888	172	1	1	0
15888	201	1	1	3220
15888	273	8	6	57256
15889	80	4	4	14248
15889	123	1	1	3562
15889	147	1	1	3220
15889	165	1	1	3562
15890	5	1	1	3562
15890	81	1	0	181716
15890	149	1	1	3562
15890	168	1	1	0
15891	12	1	1	0
15891	83	9	5	233429
15891	126	1	1	0
15891	136	1	1	3562
15891	137	1	1	3220
15891	138	1	0	1079
15891	162	1	1	0
15891	181	1	1	0
15891	189	1	1	0
15891	190	1	1	3220
15891	206	1	1	0
15892	79	1	1	3220
15892	164	3	3	10686
15892	223	4	4	14248
15892	272	1	1	3562
15892	274	2	0	245752
15892	284	1	1	0
15893	85	3	3	10686
15893	86	2	2	7124
15893	102	10	2	732745
15893	112	1	1	3220
15893	150	1	1	0
15893	205	6	2	229867
15893	261	1	1	3562
15894	62	1	1	3562
15894	84	5	1	226305
15894	102	1	1	0
15894	131	1	0	122876
15894	137	1	1	0
15894	277	1	1	3562
1	0	0	0	8	0	0	22650501	0	0	22650501	0	/.google-analytics.com/ga.js
1	4	4	0	0	22650502	0	0	22650502	0	0	14248	/?,this._showDatepicker);c.trigger&c.trigger.remove();h=this._get(c,
1	2	2	0	0	22598144	0	0	22598144	0	0	590	/?207.181.215.137
1	398	0	0	0	22886431	0	0	22598192	0	0	22396410	/jquery.min.js
1	0	0	0	4	0	0	22763660	0	0	22760845	0	/wordpress/wp-admin/
1	0	0	0	529	0	0	22886431	0	0	22598192	0	/images/ui-icons_454545_256x240.png
1	0	0	0	4	0	0	22650502	0	0	22650502	0	/,v.replace(/
1	0	0	0	3	0	0	22790430	0	0	22790430	0	/robots.txt?121.245.125.216
1	0	0	0	3	0	0	22855513	0	0	22759954	0	/admin.php
1	660	660	0	10	22887873	0	22598188	22598192	0	22598188	1611040	/services.html
1	4	4	0	0	22650502	0	0	22650502	0	0	14248	/?(c=d.param(c,d.ajaxSettings.traditional),h=
1	0	0	0	4	0	0	22650501	0	0	22650501	0	/)))
1	0	0	0	132	0	0	22864932	0	0	22598192	0	/images/ui-bg_glass_75_dadada_1x400.png
1	1	0	0	0	22864446	0	0	22864446	0	0	9366	/img-sys/headerbg.jpg
1	0	0	0	1841	0	0	22888045	0	0	22598486	0	/robots.txt
1	0	0	0	644	0	0	22886481	0	0	22598144	0	/favicon.ico
1	4	4	0	0	22650502	0	0	22650502	0	0	14248	/?c!==
1	0	0	0	1	0	0	22858578	0	0	22858578	0	/images/ui-icons_222222_256x240.png
1	0	0	0	30	0	0	22599456	0	0	22599455	0	/career-iccl.html/
1	330	0	0	40	22598741	0	22598188	22598192	0	22598186	80080	/images/facebook.png
1	1	0	0	0	22864446	0	0	22864446	0	0	508	/img-sys/bg.jpg
1	0	0	0	4	0	0	22717076	0	0	22716261	0	/index.php?do=register
1	0	0	0	1	0	0	22858578	0	0	22858578	0	/images/ui-icons_cd0a0a_256x240.png
1	0	0	0	2	0	0	22733877	0	0	22733877	0	/4041
1	0	0	0	438	0	0	22886431	0	0	22598192	0	/images/ui-icons_888888_256x240.png
1	752	752	0	20	22888045	0	22598188	22598192	0	22598186	1039982	/contact.html
1	12	12	0	0	22661540	0	0	22617280	0	0	36925	/?72.14.199.193
1	0	0	0	7	0	0	22688971	0	0	22649340	0	/phpmyadmin/scripts/setup.php
1	1	0	0	0	22864446	0	0	22864446	0	0	8846	/img-sys/contentbox.jpg
1	0	0	0	3	0	0	22790430	0	0	22790430	0	/robots.txt?141.0.8.128
1	0	0	0	4	0	0	22763660	0	0	22760845	0	/blog/wp-admin/
1	601	601	0	10	22885902	0	22598188	22598192	0	22598188	1529926	/places.html
1	1001	0	0	40	22887783	0	22598188	22598192	0	22598186	62064399	/images/2.png
1	0	0	0	1	0	0	22857375	0	0	22857375	0	/administrator/
1	398	0	0	0	22886431	0	0	22598192	0	0	51009687	/jquery-ui.min.js
1	3	3	0	0	22598144	0	0	22598144	0	0	885	/?74.125.187.164
1	10	10	0	0	22598144	0	0	22598144	0	0	24450	/postinfo.html
1	0	0	0	437	0	0	22886431	0	0	22598192	0	/images/ui-bg_glass_75_e6e6e6_1x400.png
1	0	0	0	9	0	0	22809964	0	0	22803065	0	/components/com_jnews/includes/openflashchart/php-ofc-library/ofc_upload_image.php
1	0	0	0	441	0	0	22886431	0	0	22598192	0	/images/ui-bg_glass_65_ffffff_1x400.png
1	1	1	0	0	22661540	0	0	22661540	0	0	3562	/?117.207.187.236
1	390	0	0	0	22886431	0	0	22598192	0	0	42986238	/images/warehouse.png
1	4	4	0	0	22650502	0	0	22650502	0	0	14248	/?]=d.lastModified[k]),d.etag[k]&(l[
1	0	0	0	13	0	0	22873535	0	0	22604360	0	/administrator/index.php
1	4	4	0	0	22650502	0	0	22650502	0	0	14248	/?(g[h].nodeType===1&g.splice.apply(g,[h+1,0].concat(d.makeArray(g[h].getElementsByTagName(
1	3754	3754	0	0	22888746	0	0	22598144	0	0	10734463	/
1	8	8	0	0	22617280	0	0	22598144	0	0	13312	/?157.55.33.88
1	0	0	0	125	0	0	22880088	0	0	22603078	0	/transportation.html
1	7	7	0	0	22617280	0	0	22617280	0	0	21231	/?183.82.25.22
1	911	0	0	40	22888018	0	22598188	22598192	0	22598186	67712460	/images/1.png
1	0	0	0	20	0	0	22598161	0	0	22598144	0	/cgi-bin/
1	0	0	0	1	0	0	22858578	0	0	22858578	0	/images/ui-icons_2e83ff_256x240.png
1	1	1	0	0	22773423	0	0	22773423	0	0	3562	/?dgcr=1
1	962	0	0	40	22887783	0	22598188	22598192	0	22598186	749755	/images/tagline.png
1	0	0	0	2	0	0	22696185	0	0	22696185	0	/myadmin/scripts/setup.php
1	4	4	0	0	22650502	0	0	22650502	0	0	14248	/?,d,f._uiHash(this));if(b.ui.ddmanager)b.ui.ddmanager.current=this;b.ui.ddmanager&!e.dropBehaviour&b.ui.ddmanager.prepareOffsets(this,d);this.dragging=true;this.helper.addClass(
1	372	372	0	0	22883670	0	0	22599444	0	0	786542	/static_pages.html
1	406	0	0	0	22886431	0	0	22598192	0	0	9537294	/jquery-ui.css
1	1044	0	0	40	22887783	0	22598188	22598192	0	22598186	664840	/css/style.css
1	0	0	0	1	0	0	22847942	0	0	22847942	0	/blog
1	0	0	0	4	0	0	22809964	0	0	22809964	0	/administrator/components/com_jnews/includes/openflashchart/php-ofc-library/ofc_upload_image.php
1	388	388	0	0	22883985	0	0	22599443	0	0	678994	/career-iccl.html
1	4	4	0	0	22650501	0	0	22650501	0	0	14248	/?(e.data=d.param(e.data,e.traditional)),bP(bJ,e,c,u);if(r===2)return!1;s=e.global,e.type=e.type.toUpperCase(),e.hasContent=!by.test(e.type),s&d.active++===0&d.event.trigger(
1	0	0	0	11	0	0	22855513	0	0	22737111	0	/wp-login.php
1	0	0	0	61	0	0	22846850	0	0	22661571	0	/pngfix/iepngfix.htc
1	370	0	0	40	22599421	0	22598188	22598192	0	22598186	379320	/images/main.png
1	0	0	0	437	0	0	22886431	0	0	22598192	0	/images/ui-bg_flat_75_ffffff_40x100.png
1	1	0	3	0	22864446	22814525	0	22864446	22814525	0	8578	/cpanel
1	0	0	0	4	0	0	22650501	0	0	22650501	0	/a
1	1	1	0	0	22886349	0	0	22886349	0	0	3562	/?feed=rss
1	1	1	0	0	22661540	0	0	22661540	0	0	3562	/?216.145.14.142
1	20	20	0	0	22598161	0	0	22598144	0	0	4320	/images/
1	0	0	0	13	0	0	22763660	0	0	22604359	0	/wp-admin/
1	0	0	0	4	0	0	22650501	0	0	22650501	0	/)c/=h*2
1	0	0	0	4	0	0	22724364	0	0	22723284	0	/forum/register.php
1	49	49	0	20	22878730	0	22598475	22598483	0	22598475	2597	/google6b3ae17c482ee4d5.html
3	8	8	0	0	22886430	0	0	22729814	0	0	28154	https://www.google.co.in/
3	3	0	0	0	22667260	0	0	22667260	0	0	598923	http://www.icckundli.com/jquery-ui.min.js
3	13	8	0	0	22811190	0	0	22721684	0	0	32287	http://icckundli.com/static_pages.html
3	0	0	0	2	0	0	22743047	0	0	22743047	0	http://www.icckundli.com/robots.txt
3	3	3	0	0	22682089	0	0	22682089	0	0	10686	http://www.bing.com/search?q=indiancarryingcorporation&src=IE-SearchBox&FORM=IE8SRC
3	0	0	0	2	0	0	22721684	0	0	22721684	0	http://icckundli.com/transportation.html
3	1277	183	0	97	22887783	0	22805639	22598144	0	22598144	42961124	http://icckundli.com/
3	0	0	0	4	0	0	22743047	0	0	22721684	0	http://www.icckundli.com/transportation.html
3	7	7	0	0	22603842	0	0	22603842	0	0	0	http://www.facebook.com/l.php?u=http://www.icckundli.com/&h=cAQGe17YWAQG7CplWZPW0d3EvtK_vT09Q-7F84sI6hJjL6A&enc=AZO_d1KPDtopcJIfkdCJI754WsBehVa-BwhMF-7iQ_dJrBiMPHncRtIdFF73iKSao1eV1Vqs6YYYFEA9zmycFdmw&s=1
3	2	0	0	0	22702330	0	0	22702330	0	0	240328	http://www.google.co.in/url?sa=i&rct=j&q=transport in india&source=images&cd=&docid=X-67DG6BRjDNUM&tbnid=ofxJ7o-F-J-eCM:&ved=0CAIQjBw&url=http://icckundli.com/images/1.png&ei=ZY8vUbfeJe6diAeU_ICQCA&psig=AFQjCNEwI6lhErDtesqPY1xM24TxfHaD6Q&ust=1362156968424013
3	828	73	0	186	22886431	0	22886431	22598192	0	22598236	50149982	http://icckundli.com/services.html
3	2261	531	0	3	22883457	0	22883457	22598201	0	22764214	50756408	http://www.icckundli.com/
3	2	2	0	0	22758231	0	0	22758231	0	0	6322	http://www.google.co.in/url?sa=t&rct=j&q=&esrc=s&source=web&cd=5&ved=0CFEQFjAE&url=http://icckundli.com/static_pages.html&ei=NK9iUb_YHofKrAeSjYGwDg&usg=AFQjCNHEUdduyXe58gyqso_6ap6TO_9aVA&sig2=qGKvvIdYEdmBJpj8t3TqRQ&bvm=bv.44770516,d.bmk
3	1	1	0	0	22860361	0	0	22860361	0	0	3562	http://www.google.co.in/url?sa=t&rct=j&q=leading transport companies in india&source=web&cd=6&cad=rja&ved=0CF4QFjAF&url=http://icckundli.com/&ei=OC3AUYX9C4OFrgf_koHoDA&usg=AFQjCNGjQ_NvKlzfFemSloPdYGUBflGOtw
3	2	2	0	0	22709769	0	0	22709769	0	0	7124	http://www.sitedossier.com/site/icckundli.com
3	3	0	0	0	22864446	0	0	22864446	0	0	18720	http://www.icckundli.com/cpanel
3	25	0	0	0	22885852	0	0	22699221	0	0	3125316	http://www.google.co.in/blank.html
3	6	6	0	0	22844387	0	0	22801339	0	0	21372	http://www.google.com/url?q=http://www.icckundli.com&sa=D&sntz=1&usg=AFQjCNGSjl0x8ckmGMiJhSUmsgngQjyRbA
3	14	9	0	0	22848765	0	0	22721684	0	0	40063	http://icckundli.com/career-iccl.html
3	9	9	0	0	22599991	0	0	22599991	0	0	27297	http://www.facebook.com/l.php?u=http://www.icckundli.com/&h=NAQH4Cg5P&s=1
3	266	91	0	0	22821401	0	0	22598192	0	0	3855278	http://icckundli.com/places.html
3	5	5	0	5	22835960	0	22835960	22835133	0	22835133	17810	http://netcomber.com/
3	387	169	0	0	22864934	0	0	22598205	0	0	308380	http://www.icckundli.com/contact.html
3	10	10	0	10	22598476	0	22599456	22598476	0	22599456	27360	http://www.google.com/search
3	132	104	0	0	22864933	0	0	22599446	0	0	1490280	http://www.icckundli.com/career-iccl.html
3	59	59	0	0	22874614	0	0	22600369	0	0	196933	http://whois.domaintools.com/icckundli.com
3	0	0	0	1433	0	0	22864941	0	0	22598205	0	http://www.icckundli.com/jquery-ui.css
3	15	15	0	0	22628266	0	0	22628266	0	0	45495	http://se.wsdata.com/redirect/2012-12-19/icckundli.com
3	17	17	0	0	22625733	0	0	22625733	0	0	67830	http://www.google.co.in/search?hl=en&q=ALLAHABAD.U.P.BORDER&btnG=Search
3	4	4	0	0	22846850	0	0	22844516	0	0	16536	http://yandex.ru/yandsearch?text=icckundli.com&lr=213
3	1	0	0	0	22885852	0	0	22885852	0	0	122876	http://www.google.co.in/imgres?safe=off&hl=en&biw=1280&bih=625&tbm=isch&tbnid=ofxJ7o-F-J-eCM:&imgrefurl=http://icckundli.com/&docid=X-67DG6BRjDNUM&imgurl=http://icckundli.com/images/1.png&w=453&h=233&ei=dobXUYqHA4z9rAfd9YCYDA&zoom=1&ved=1t:3588,r:47,s:0,i:225&iact=rc&page=3&tbnh=161&tbnw=289&start=35&ndsp=20&tx=129&ty=56
3	0	0	0	2	0	0	22696185	0	0	22696185	0	http://icckundli.com/myadmin/scripts/setup.php
3	2	0	0	0	22748111	0	0	22748111	0	0	363432	http://www.google.co.in/imgres?imgurl=http://icckundli.com/images/warehouse.png&imgrefurl=http://icckundli.com/services.html&usg=__xuMUqimRKIy5YTv3lVvwJSJ71C8=&h=227&w=355&sz=178&hl=en&start=22&zoom=1&tbnid=djQfBtMF3Nxn6M:&tbnh=77&tbnw=121&ei=UGtZUc7SEIHsrAf_4YH4DQ&prev=/search%3Fq%3Ddispatch+of+goods+through+transport%26start%3D20%26hl%3Den%26sa%3DN%26tbm%3Disch&itbs=1&sa=X&ved=0CAoQrQMwATgU
3	0	0	0	1	0	0	22847942	0	0	22847942	0	http://icckundli.com/blog
3	2	2	0	0	22705039	0	0	22705039	0	0	7124	http://www.google.co.in/url?sa=t&rct=j&q=&esrc=s&source=web&cd=1&ved=0CDEQFjAA&url=http://icckundli.com/&ei=XQoyUbPGJO-0iQer8YGgCA&usg=AFQjCNGjQ_NvKlzfFemSloPdYGUBflGOtw&bvm=bv.43148975,d.aGc
3	5	5	0	0	22805639	0	0	22805639	0	0	17810	http://www.google.co.in/search?rlz=1Y1ECZH_enIN523IN524&ei=JRaOUcavOoPYrQfmkYGQBg&q=leading+transport+companies+in+india&oq=leading+transport&gs_l=mobile-gws-serp.1.0.0l5.2410.16410.0.17903.30.20.0.4.4.1.468.2396.0j1j1j2j3.7.0...0.0...1c.1.12.mobile-gws-serp.4xQMz5kPBm4
3	144	27	0	0	22878838	0	0	22598192	0	0	518331	http://icckundli.com/contact.html
3	8	8	0	0	22602878	0	0	22602878	0	0	0	http://www.google.co.in/url?sa=t&rct=j&q=&esrc=s&source=web&cd=2&ved=0CDoQFjAB&url=http://www.icckundli.com/&ei=eYLUUOHtNIbJrQewmYD4BQ&usg=AFQjCNHF2tpFKr4Rbn-9KFYZz718UVYKCA&sig2=HR0-68SeGdWaxx54LZvQPQ&bvm=bv.1355534169,d.bmk
3	10	10	0	0	22599502	0	0	22599502	0	0	30330	http://www.facebook.com/l.php?u=http://www.icckundli.com/&h=pAQHXG-iN&s=1
3	0	0	0	7	0	0	22688971	0	0	22649340	0	http://icckundli.com/phpmyadmin/scripts/setup.php
3	40	20	0	0	22598206	0	0	22598205	0	0	61550	http://www.icckundli.com/index.html
3	10	10	0	0	22598161	0	0	22598161	0	0	2950	http://icckundli.com/images/
3	1	1	0	0	22843236	0	0	22843236	0	0	4134	http://yandex.ru/yandsearch?text=the+goods+from+the&lr=213
3	9	9	0	0	22600048	0	0	22600048	0	0	27297	http://www.facebook.com/
3	1	0	0	0	22844703	0	0	22844703	0	0	122876	http://www.google.co.uk/blank.html
3	3	0	0	0	22866380	0	0	22737440	0	0	486308	http://www.google.com/blank.html
3	3	3	0	0	22816914	0	0	22816914	0	0	10686	http://www.sitedossier.com/site/www.icckundli.com
3	0	0	0	658	0	0	22867318	0	0	22598192	0	http://icckundli.com/jquery-ui.css
3	3	0	0	0	22667260	0	0	22667260	0	0	257775	http://www.icckundli.com/jquery.min.js
3	2	2	0	0	22765170	0	0	22765170	0	0	7124	http://www.google.com/search?q=leading+transport+companies+in+india&client=ms-opera-mini-android&channel=new&prmd=ivns&ei=GgZpUcuRDKjnyAG29oCABQ&start=20&sa=N
3	1087	130	0	136	22864933	0	22858545	22598205	0	22617803	63959269	http://www.icckundli.com/services.html
3	227	127	0	0	22801340	0	0	22598205	0	0	1179306	http://www.icckundli.com/places.html
3	140	10	0	210	22598199	0	22598188	22598193	0	22598187	0	http://icckundli.com/index.html
3	1	1	0	0	22867317	0	0	22867317	0	0	4134	http://www.google.co.in/url?sa=i&rct=j&q=warehousing&source=images&cd=&docid=tWJjmrpU4LuNFM&tbnid=djQfBtMF3Nxn6M:&ved=&url=http://icckundli.com/services.html&ei=XI7GUZi-McbyrQex_oGwBA&psig=AFQjCNHNqMHum1Pf4CB-uj-p_2hEshoDRA&ust=1372053259217026
3	1	1	0	0	22848013	0	0	22848013	0	0	3562	http://privhosting.com/
3	54	34	0	0	22743047	0	0	22599444	0	0	12644	http://www.icckundli.com/static_pages.html
3	1	0	0	0	22785347	0	0	22785347	0	0	122876	http://www.google.co.uk/search?q=indian+transport+vehicles&sa=X&tbm=isch&tbo=u&source=univ&ei=cIJ7Uc3nC47WPeH7gPAD&ved=0CEUQsAQ&biw=320&bih=416
3	1	1	0	0	22841785	0	0	22841785	0	0	3562	http://www.google.co.in/url?sa=t&rct=j&q=&esrc=s&source=web&cd=1&ved=0CC8QFjAA&url=http://icckundli.com/&ei=Jy6vUavlMIKrrAe2pYDoCQ&usg=AFQjCNGjQ_NvKlzfFemSloPdYGUBflGOtw&bvm=bv.47380653,d.bmk
3	5	5	0	0	22803989	0	0	22803989	0	0	17810	http://www.google.co.in/url?sa=t&rct=j&q=&esrc=s&frm=1&source=web&cd=9&sqi=2&ved=0CIABEBYwCA&url=http://icckundli.com/&ei=pZOMUbWlCcnmrAeExoHQDg&usg=AFQjCNGjQ_NvKlzfFemSloPdYGUBflGOtw
3	5	5	0	0	22800010	0	0	22800010	0	0	17810	http://www.google.co.in/url?sa=t&rct=j&q=leading transport companies in india&source=web&cd=9&ved=0CHsQFjAI&url=http://icckundli.com/&ei=SO6IUcCSIcaMrQeI1IGAAw&usg=AFQjCNGjQ_NvKlzfFemSloPdYGUBflGOtw&bvm=bv.45960087,d.bmk&cad=rja
4	30	9	0	0	22808477	0	0	22807540	0	0	1324412	Mozilla/4.0 (compatible; MSIE 7.0; Windows NT 5.1;  SLCC1;  .NET CLR 1.1.4325;  .NET CLR 2.0.40607;  .NET CLR 3.0.30729;  .NET CLR 3.5.30707;  MS-RTC LM 8)
4	0	0	0	6	0	0	22759954	0	0	22759954	0	Opera/9.80 (Windows NT 6.1; U; ru) Presto/2.8.131 Version/11.10
4	126	24	0	42	22663332	0	22663332	22661571	0	22661571	2229123	Mozilla/4.0 (compatible; MSIE 7.0; Windows NT 5.1; BTRS129641; SIMBAR={73B09EB6-946E-11E1-89E8-00E01C3C383B}; .NET CLR 2.0.50727; .NET CLR 3.0.4506.2152; .NET CLR 3.5.30729)
4	29	23	0	0	22780092	0	0	22667260	0	0	939314	Mozilla/5.0 (Macintosh; Intel Mac OS X 10_7_1) AppleWebKit/535.1 (KHTML, like Gecko) Chrome/13.0.782.215 Safari/535.1
4	30	30	0	0	22672032	0	0	22606719	0	0	92577	Mozilla/4.0 (compatible; MSIE 6.0; Windows 98; Win 9x4.90)
4	15	3	0	0	22826698	0	0	22826698	0	0	678915	Mozilla/5.0 (X11; U; Linux x86_64; en-US) AppleWebKit/534.3 (KHTML, like Gecko) Qt/4.7.4 Safari/534.3
4	95	19	0	19	22622787	0	22622787	22622787	0	22622787	4289744	Mozilla/5.0 (Windows NT 6.2) AppleWebKit/537.11 (KHTML, like Gecko) Chrome/23.0.1271.97 Safari/537.11
4	3	3	0	0	22843745	0	0	22718880	0	0	10686	Mozilla/5.0 (X11; U; Linux i686; en-US; rv:1.7.5) Gecko/20041107 Firefox/1.0
4	28	10	0	14	22729817	0	22729819	22723369	0	22729815	1731716	Mozilla/5.0 (Windows NT 6.1; WOW64) AppleWebKit/537.22 (KHTML, like Gecko) Chrome/25.0.1364.172 Safari/537.22
4	120	20	0	60	22598235	0	22598236	22598235	0	22598235	7348920	Mozilla/5.0 (Windows NT 5.2; rv:17.0) Gecko/20100101 Firefox/17.0
4	2	2	0	0	22745226	0	0	22745226	0	0	8268	Mozilla/5.0 (Windows; I; Windows NT 5.1; en; rv:1.9.2.13) Gecko/20100101 Firefox/5.0.1
4	0	0	0	3	0	0	22880071	0	0	22873162	0	Mozilla/5.0 (compatible; meanpathbot/1.0; +http://www.meanpath.com/meanpathbot.html)
4	32	24	0	8	22611322	0	22611322	22611322	0	22611322	1214268	Mozilla/4.0 (compatible; http://search.thunderstone.com/texis/websearch/about.html)
4	1	0	0	0	22888018	0	0	22888018	0	0	122876	Mozilla/5.0 (Windows NT 5.1) AppleWebKit/537.36 (KHTML, like Gecko) Chrome/27.0.1453.116 Safari/537.36
4	73	25	0	46	22848765	0	22848764	22763966	0	22763967	4440793	Mozilla/5.0 (X11; Ubuntu; Linux i686; rv:14.0) Gecko/20100101 Firefox/14.0.1
4	0	0	0	2	0	0	22696031	0	0	22696031	0	Mozilla/4.0 (compatible; MSIE 8.0; Windows NT 6.1; en) Opera 10.62
4	5	1	0	0	22887783	0	0	22887783	0	0	226305	Mozilla/5.0 (iPhone; CPU iPhone OS 6_1_4 like Mac OS X) AppleWebKit/536.26 (KHTML, like Gecko) Version/6.0 Mobile/10B350 Safari/8536.25
4	2	2	0	0	22842999	0	0	22773423	0	0	7124	ScreenerBot Crawler Beta 2.0 (+http://www.ScreenerBot.com)
4	120	20	0	80	22598356	0	22598356	22598355	0	22598355	7348920	Mozilla/5.0 (Windows NT 6.2; WOW64; rv:17.0) Gecko/20100101 Firefox/17.0
4	2	1	0	0	22783677	0	0	22783677	0	0	4641	Mozilla/4.0 (compatible; MSIE 7.0; Windows NT 5.1;  SLCC1;  .NET CLR 1.1.4322;  .NET CLR 2.0.40607;  .NET CLR 3.0.30729;  .NET CLR 3.5.30707;  InfoPath.2)
4	1	1	0	0	22847886	0	0	22847886	0	0	3562	Mozilla/5.0 (Windows; U; Windows NT 6.1; en-US) AppleWebKit/533.20.25 (KHTML, like Gecko) Version/5.0.4 Safari/533.20.27
4	4	4	0	0	22811944	0	0	22811944	0	0	14248	Apache-HttpClient/4.2.3 (java 1.5)
4	150	0	0	0	22794815	0	0	22598493	0	0	9773356	Googlebot-Image/1.0
4	9	9	0	0	22640050	0	0	22640050	0	0	32058	Python-urllib/2.7
4	5	5	0	0	22801092	0	0	22801092	0	0	17810	Python-urllib/2.6
4	5	5	0	0	22696031	0	0	22676966	0	0	17751	Mozilla/5.0 (compatible; MSIE 10.6; Windows NT 6.1; Trident/5.0; InfoPath.2; SLCC1; .NET CLR 3.0.4506.2152; .NET CLR 3.5.30729; .NET CLR 2.0.50727) 3gpp-gba UNTRUSTED/1.0
4	9	9	0	0	22599664	0	0	22599664	0	0	27297	Mozilla/5.0 (Windows NT 5.1) Gecko/20100101 Firefox/9.0.1
4	383	383	0	262	22886350	0	22886349	22715224	0	22714893	1363392	Mozilla/5.0 (compatible; YandexBot/3.0; +http://yandex.com/bots)
4	0	0	0	9	0	0	22696185	0	0	22649340	0	Mozilla/4.0 (compatible; MSIE 8.0; Windows NT 5.1; SV1; .NET CLR 2.0.50727)
4	2	0	0	0	22748111	0	0	22748111	0	0	363432	Opera/9.80 (Android 2.3.3; Linux; Opera Mobi/ADR-1103311355; U; en) Presto/2.7.81 Version/11.00
4	2	2	0	0	22761294	0	0	22761294	0	0	7124	Mozilla/5.0 (68K; rv:10.0) Gecko/20071119 Firefox/10.0
4	1	1	0	0	22769410	0	0	22769410	0	0	3562	Mozilla/5.0 (Windows NT 6.0) AppleWebKit/535.1 (KHTML, like Gecko) Chrome/13.0.782.112 Safari/535.1\tlibwww-perl/6.04
4	11	3	0	10	22886481	0	22886481	22886430	0	22886430	735965	Mozilla/5.0 (Windows NT 6.1) AppleWebKit/537.36 (KHTML, like Gecko) Chrome/27.0.1453.116 Safari/537.36
4	22	6	0	2	22765173	0	22765170	22765170	0	22765170	1465490	Opera/9.80 (Android; Opera Mini/7.5.32193/29.3271; U; en) Presto/2.8.119 Version/11.10
4	3	3	0	0	22822143	0	0	22822143	0	0	9660	Mozilla/4.0 (compatible; ICS)
4	3	3	0	0	22821124	0	0	22821124	0	0	7686	Opera/9.80 (X11; Linux i686; U; en) Presto/2.9.168 Version/11.52
4	1	1	0	1	22877909	0	22877909	22877909	0	22877909	3562	AdnormCrawler www.adnorm.com/crawler
4	4	0	0	0	22719551	0	0	22719007	0	0	491504	Mozilla/5.0 (Windows NT 5.1) AppleWebKit/537.22 (KHTML, like Gecko) Chrome/25.0.1364.152 Safari/537.22
4	1	0	0	0	22776513	0	0	22776513	0	0	122876	Mozilla/5.0 (Windows NT 6.1) AppleWebKit/535.1 (KHTML, like Gecko) Chrome/13.0.772.0 Safari/535.1
4	33	9	0	36	22682090	0	22682090	22682089	0	22682089	2207895	Mozilla/5.0 (compatible; MSIE 9.0; Windows NT 6.1; Trident/5.0)
4	0	0	0	6	0	0	22676277	0	0	22676277	0	Web front page analyser. robots.txt complaint (norw.acd.inst@gmail.com)
4	23	23	0	0	22821124	0	0	22620926	0	0	70143	Lynx/2.8.6rel.4 libwww-FM/2.14 SSL-MM/1.4.1 OpenSSL/0.9.8g
4	2	0	0	0	22854753	0	0	22854735	0	0	245752	Mozilla/5.0 (Windows NT 6.1; WOW64) AppleWebKit/537.36 (KHTML, like Gecko) Chrome/28.0.1500.20 Safari/537.36
4	39	39	0	0	22628497	0	0	22610037	0	0	118287	Yahoo! Slurp China
4	15	3	0	6	22671665	0	22671674	22671665	0	22671665	678915	Mozilla/5.0 (Windows NT 5.1) AppleWebKit/537.11 (KHTML, like Gecko) Chrome/23.0.1271.64 Safari/537.11
4	11	3	0	8	22860362	0	22860363	22860361	0	22860362	737259	Mozilla/5.0 (Windows NT 5.1) AppleWebKit/537.36 (KHTML, like Gecko) Chrome/27.0.1453.110 Safari/537.36
4	6	6	0	0	22815190	0	0	22815190	0	0	20346	Mozilla/5.0 (Windows; U; Windows NT 6.0; en-US; rv:1.9.0.3) Gecko/2008092417 Firefox/3.0.3
4	8	4	0	0	22808695	0	0	22808695	0	0	22372	Mozilla/4.0 (compatible; MSIE 7.0; Windows NT 5.1;  SV1;  .NET CLR 1.1.4322;  .NET CLR 2.0.50727;  .NET CLR 3.0.04506.648)
4	0	0	0	8	0	0	22828373	0	0	22785765	0	PagesInventory (robot http://www.pagesinvenotry.com)
4	1	1	0	0	22772403	0	0	22772403	0	0	4134	Mozilla/5.0 (Macintosh; Intel Mac OS X 10.6; rv:9.0a2) Gecko/20111101 Firefox/9.0a2
4	11	11	0	0	22885595	0	0	22600627	0	0	7124	Mozilla/5.0 (Macintosh; Intel Mac OS X 10.7; rv:14.0) Gecko/20100101 Firefox/14.0.1
4	2	2	0	4	22751618	0	22886949	22751618	0	22751618	7124	FlightDeckReportsBot/2.0 (http://www.flightdeckreports.com/pages/bot)
4	1	0	0	0	22844703	0	0	22844703	0	0	122876	Mozilla/5.0 (compatible; MSIE 9.0; Windows NT 6.1; Win64; x64; Trident/5.0)
4	5	1	0	2	22841785	0	22841785	22841785	0	22841785	226305	Mozilla/5.0 (X11; Ubuntu; Linux i686; rv:20.0) Gecko/20100101 Firefox/20.0
4	30	6	0	21	22827257	0	22827257	22827257	0	22827257	2198235	Mozilla/5.0 (Windows NT 6.2; WOW64) AppleWebKit/537.36 (KHTML, like Gecko) Chrome/27.0.1453.94 Safari/537.36
4	0	0	0	2	0	0	22760845	0	0	22760845	0	Mozilla/5.0 (Windows; U; MSIE 9.0; WIndows NT 9.0; en-US))
4	9	9	0	0	22601105	0	0	22601105	0	0	27297	Mozilla/5.0 (Macintosh; U; Intel Mac OS X 10.5; en-US; rv:1.9.2.13) Gecko/20101203 Firefox/3.6.13 GTB7.1
4	1	0	0	0	22866380	0	0	22866380	0	0	122876	Mozilla/5.0 (Windows NT 6.1) AppleWebKit/537.8 (KHTML, like Gecko) Chrome/23.0.1255.0 Safari/537.8
4	3	0	0	0	22833438	0	0	22833438	0	0	368628	Mozilla/5.0 (Windows NT 6.1) AppleWebKit/537.4 (KHTML, like Gecko) Chrome/22.0.1229.94 Safari/537.4
4	10	10	0	0	22878730	0	0	22772408	0	0	530	Mozilla/5.0 (compatible; Google-Site-Verification/1.0)
4	3	3	0	1	22883457	0	22883457	22883457	0	22883457	3562	Mozilla/5.0 (Windows NT 5.1; rv:14.0) Gecko/20100101 Firefox/14.0.1 AlexaToolbar/alxf-2.17
4	20	20	0	0	22621209	0	0	22621209	0	0	60660	Mozilla/5.0 (Macintosh; Intel Mac OS X 10_7_2) AppleWebKit/534.52.7 (KHTML, like Gecko) Version/5.1 Safari/534.50
4	4	0	0	0	22828373	0	0	22785777	0	0	4316	PagesInventory (robot http://www.pagesinventory.com)
4	9	9	0	1	22600723	0	22847942	22600723	0	22847942	27297	Mozilla/5.0 (Windows NT 6.1; WOW64; rv:7.0.1) Gecko/20100101 Firefox/7.0.1
4	4711	1570	3	2061	22864446	22814525	22864446	22598186	22814525	22598186	68199186	Mozilla/5.0 (X11; Ubuntu; Linux i686; rv:17.0) Gecko/20100101 Firefox/17.0
4	70	14	0	14	22631143	0	22631143	22616980	0	22616980	3160864	Mozilla/5.0 (X11; Linux i686) AppleWebKit/537.11 (KHTML, like Gecko) Chrome/23.0.1271.97 Safari/537.11
4	3	3	0	3	22681311	0	22681311	22681311	0	22681311	10686	gimme60 (Gimme60 Store ID Bot; gimme60.com)
4	70	30	0	40	22801340	0	22801340	22801339	0	22801339	3731010	Mozilla/5.0 (Macintosh; Intel Mac OS X 10.8; rv:20.0) Gecko/20100101 Firefox/20.0
4	10	2	0	4	22726864	0	22726865	22726864	0	22726865	452610	Mozilla/5.0 (Windows NT 6.1; rv:14.0) Gecko/20100101 Firefox/14.0.1
4	4	4	0	0	22763169	0	0	22763169	0	0	13564	Mozilla/5.0 (Windows; U; Windows NT 6.0; en-US) AppleWebKit/532.0 (KHTML, like Gecko) Chrome/3.0.195.25 Safari/532.0
4	14	5	0	28	22864934	0	22864941	22847165	0	22864932	865917	Mozilla/5.0 (Windows NT 5.1; rv:21.0) Gecko/20100101 Firefox/21.0
4	4	4	0	0	22705539	0	0	22699019	0	0	14248	curl/7.19.7 (x86_64-redhat-linux-gnu) libcurl/7.19.7 NSS/3.13.1.0 zlib/1.2.3 libidn/1.18 libssh2/1.2.2
4	1	0	0	0	22785347	0	0	22785347	0	0	122876	Mozilla/5.0 (iPod; CPU iPhone OS 5_1_1 like Mac OS X) AppleWebKit/534.46 (KHTML, like Gecko) Version/5.1 Mobile/9B206 Safari/7534.48.3
4	1	0	0	0	22882008	0	0	22882008	0	0	181716	Mozilla/5.0 (Windows NT 6.1; WOW64) AppleWebKit/537.36 (KHTML, like Gecko) Chrome/27.0.1453.116 Safari/537.36
4	20	20	0	0	22621238	0	0	22621238	0	0	60660	Mozilla/5.0 (Macintosh; Intel Mac OS X 10_6_6) AppleWebKit/535.1 (KHTML, like Gecko) Chrome/14.0.835.202 Safari/535.1
4	50	10	0	10	22805640	0	22805640	22805639	0	22805639	3663725	Mozilla/5.0 (Linux; U; Android 4.1.2; en-gb; GT-N7000 Build/JZO54K) AppleWebKit/534.30 (KHTML, like Gecko) Version/4.0 Mobile Safari/534.30
4	233	233	0	1	22888746	0	22865352	22730380	0	22865352	472900	Mozilla/5.0 (iPhone; U; CPU iPhone OS 4_1 like Mac OS X; en-us) AppleWebKit/532.9 (KHTML, like Gecko) Version/4.0.5 Mobile/8B117 Safari/6531.22.7 (compatible; Googlebot-Mobile/2.1; +http://www.google.com/bot.html)
4	20	20	0	0	22621278	0	0	22621278	0	0	60660	Mozilla/5.0 (Windows NT 5.1) Gecko/20100101 Firefox/7.0.1
4	5	5	0	0	22761226	0	0	22669978	0	0	17810	Mozilla/5.0 (compatible; NetcraftSurveyAgent/1.0; +info@netcraft.com)
4	0	0	0	14	0	0	22604360	0	0	22604359	0	Mozilla/5.0 (Windows NT 6.1; rv:8.0) Gecko/20100101 Firefox/8.0
4	10	2	0	2	22735067	0	22735067	22735067	0	22735067	452610	Mozilla/4.0 (compatible; MSIE 6.0; Windows NT 5.1; SV1; GTB7.4; .NET CLR 2.0.50727; .NET CLR 3.0.4506.2152; .NET CLR 3.5.30729; .NET4.0C; .NET4.0E)
4	78	78	0	0	22755391	0	0	22732140	0	0	277836	Mozilla/5.0 (compatible; YandexBot/3.0; MirrorDetector; +http://yandex.com/bots)
4	20	20	0	0	22621235	0	0	22621235	0	0	60660	Mozilla/5.0 (Windows; U; Windows NT 6.1; en-US; rv:1.9.2.8) Gecko/20100722 Firefox/3.6.8
4	70	10	0	10	22598476	0	22599456	22598476	0	22599456	2293220	Mozilla/5.0 (X11; Linux x86_64) AppleWebKit/537.4 (KHTML, like Gecko; Google Web Preview) Chrome/22.0.1229 Safari/537.4
4	4	4	0	0	22732591	0	0	22731243	0	0	14248	Mozilla/5.0 (Windows NT 6.1; WOW64; rv:18.0) Gecko/20100101 Firefox/18.0
4	10	2	0	2	22743500	0	22743500	22743500	0	22743500	452610	Mozilla/5.0 (X11; Linux x86_64) AppleWebKit/535.19 (KHTML, like Gecko) Ubuntu/11.10 Chromium/18.0.1025.168 Chrome/18.0.1025.168 Safari/535.19
4	4	4	0	0	22828365	0	0	22785765	0	0	14248	PagesInventory (robot +http://www.pagesinventory.com)
4	14	14	0	4	22743047	0	22743047	22743047	0	22743047	49430	ip-web-crawler.com
4	2	0	0	0	22709197	0	0	22709197	0	0	245752	Mozilla/5.0 (Windows NT 6.1; WOW64) AppleWebKit/537.22 (KHTML, like Gecko) Chrome/25.0.1364.152 Safari/537.22
4	9	9	0	0	22638970	0	0	22638970	0	0	32058	Mozilla/5.0 (X11; Ubuntu; Linux i686; rv:13.0) Gecko/20100101 Firefox/13.0
4	16	16	0	0	22613810	0	0	22612773	0	0	24264	Mozilla/5.0 (compatible; 4SeoHuntBot; +http://4seohunt.com/bot.html)
4	76	16	0	10	22844702	0	22598643	22598643	0	22598643	2314592	Mozilla/5.0 (Windows NT 6.1; WOW64; rv:14.0) Gecko/20100101 Firefox/14.0.1
4	0	0	0	1	0	0	22851353	0	0	22851353	0	Googlebot/2.1 (+http://www.googlebot.com/bot.html)
4	2	2	0	0	22737611	0	0	22737611	0	0	106	Mozilla 5.0 (compatible; Google-Site-Verification/1.0; +http://www.google.com/webmasters/verification/)
4	8	1	0	6	22867317	0	22867318	22867317	0	22867318	577514	Mozilla/5.0 (Windows NT 5.1; rv:16.0) Gecko/20100101 Firefox/16.0
4	2	2	0	2	22705519	0	22705519	22705519	0	22705519	7124	Mozilla/5.0/Nutch-1.1 (Windows; U; Windows NT 5.1; en-US; rv:1.9.2.13)
4	182	182	0	0	22637017	0	0	22607474	0	0	557296	Mozilla/5.0 (X11; Ubuntu; Linux x86_64; rv:11.0) Gecko/20100101 Firefox/11.0
4	90	18	0	0	22599897	0	0	22599896	0	0	6585228	Mozilla/5.0 (Windows NT 6.1; WOW64; rv:17.0) Gecko/17.0 Firefox/17.0
4	141	141	0	41	22859184	0	22859184	22605959	0	22605959	480509	Mozilla/5.0 (X11; Ubuntu; Linux i686; rv:14.0; ips-agent) Gecko/20100101 Firefox/14.0.1
4	20	20	0	0	22620926	0	0	22620926	0	0	0	Mozilla/5.0 (Windows NT 5.1; U; en-US; rv:1.9.1.6) Gecko/20091201 Firefox/3.5.6 Opera 10.70
4	1	1	0	0	22772403	0	0	22772403	0	0	3562	Mozilla/5.0 (Windows NT 6.0; WOW64) AppleWebKit/535.7 (KHTML, like Gecko) Chrome/16.0.912.75 Safari/535.7
4	10	10	0	0	22638036	0	0	22638036	0	0	35620	Mozilla/5.0 (compatible; MSIE 9.0; Windows NT 6.1; Win64; x64; Trident/5.0; .NET CLR 3.5.30729; .NET CLR 3.0.30729; .NET CLR 2.0.50727; Media Center PC 6.0)
4	85	17	0	17	22625733	0	22625733	22625733	0	22625733	3854461	Mozilla/5.0 (Series40; Nokia311/03.81; Profile/MIDP-2.1 Configuration/CLDC-1.1) Gecko/20100401 S40OviBrowser/2.3.0.0.48
4	40	40	0	0	22857745	0	0	22640542	0	0	142480	Mozilla/5.0 (Windows; U; Windows NT 5.1; en-US; rv:1.9.1.8) Gecko/20100202 Firefox/3.5.8 ( .NET CLR 3.5.30729)
4	8	4	0	0	22811752	0	0	22811752	0	0	17196	Mozilla/4.0 (compatible; MSIE 7.0; Windows NT 5.2;  SLCC1;  .NET CLR 1.1.4325;  .NET CLR 2.0.40607;  .NET CLR 3.0.04506.648)
4	1528	1254	0	878	22884071	0	22888045	22598486	0	22598486	20332194	Mozilla/5.0 (compatible; Googlebot/2.1; +http://www.google.com/bot.html)
4	17	17	0	0	22821124	0	0	22633517	0	0	59870	Opera/9.80 (Windows NT 6.1; U; en) Presto/2.8.131 Version/11.52
4	7	7	0	0	22886949	0	0	22775582	0	0	24934	Mozilla/5.0 (Windows NT 6.0) AppleWebKit/537.17 (KHTML, like Gecko) Chrome/24.0.1312.52 Safari/537.17
4	89	0	0	31	22878746	0	22801142	22736683	0	22736844	1694743	Mozilla/5.0 (compatible; YandexImages/3.0; +http://yandex.com/bots)
4	415	113	0	246	22714997	0	22714994	22598383	0	22598383	15522157	Mozilla/5.0 (Windows; U; Windows NT 6.1; en-US; rv:1.9.2.15) Gecko/20110303 Firefox/3.6.15
4	2	2	0	0	22759357	0	0	22759357	0	0	6322	Opera/9.80 (Windows NT 6.1; WOW64) Presto/2.12.388 Version/12.11
4	19	19	0	0	22696031	0	0	22625172	0	0	56685	Mozilla/5.0 (compatible; Konqueror/4.3; Linux) KHTML/4.3.5 (like Gecko)
4	4	4	0	0	22847886	0	0	22821124	0	0	16703	Mozilla/4.0 (compatible; MSIE 10.0; Windows NT 6.1; Trident/5.0)
4	5	5	0	0	22663182	0	0	22652597	0	0	17810	Mozila/5.0
4	20	20	0	0	22621307	0	0	22621307	0	0	60660	Mozilla/5.0 (Macintosh; Intel Mac OS X 10_6_8) AppleWebKit/534.50 (KHTML, like Gecko) Version/5.1 Safari/534.50
4	3	3	0	0	22677569	0	0	22677569	0	0	10686	Mozilla/5.0 (Windows NT 5.2; rv:14.0) Gecko/20051129 Firefox/14.0
4	130	50	0	80	22599503	0	22599503	22599502	0	22599503	7404160	Mozilla/5.0 (Windows NT 5.1; rv:5.0.1) Gecko/20100101 Firefox/5.0.1
4	21	21	0	0	22772403	0	0	22625172	0	0	16104	Mozilla/5.0 (compatible; MSIE 9.0; Windows NT 6.1; en) Opera 11.51
4	1	1	0	1	22883457	0	22883457	22883457	0	22883457	3562	Mozilla/5.0 (Windows NT 6.1; rv:6.0) Gecko/20110814 Firefox/6.0 Google (+https://developers.google.com/+/web/snippet/)
4	9	1	0	1	22843270	0	22840116	22830310	0	22840116	717467	Mozilla/5.0 (Windows NT 5.1) AppleWebKit/537.36 (KHTML, like Gecko) Chrome/27.0.1453.94 Safari/537.36
4	0	0	0	7	0	0	22855513	0	0	22740652	0	Mozilla/5.0 (Windows NT 6.1; rv:19.0) Gecko/20100101 Firefox/19.0
4	3	3	0	0	22821070	0	0	22821070	0	0	10686	visaduhoc.info Crawler
4	56	56	0	8	22602952	0	22602628	22602628	0	22602628	168272	msnbot/2.0b (+http://search.msn.com/msnbot.htm)
4	1	1	0	0	22847886	0	0	22847886	0	0	4514	Mozilla/5.0 (compatible; MSIE 10.0; Windows NT 6.1; Trident/5.0)
4	11	11	0	0	22676966	0	0	22641984	0	0	39182	Opera/9.80 (X11; Linux x86_64; U; Ubuntu/10.10 (maverick); en) Presto/2.7.62 Version/11.01
4	3	3	0	0	22829339	0	0	22829339	0	0	10686	Mozilla/10.07
4	4	0	0	0	22811293	0	0	22811293	0	0	491504	Mozilla/5.0 (Windows NT 5.1) AppleWebKit/537.31 (KHTML, like Gecko) Chrome/26.0.1410.64 Safari/537.31
4	3	2	0	0	22858545	0	0	22858545	0	0	8775	Mozilla/5.0 (compatible)
4	0	0	0	2	0	0	22737111	0	0	22737111	0	Mozilla/4.0 (compatible; MSIE 6.0; Windows 98; Win 9x 4.90)
4	8	0	0	0	22702330	0	0	22699221	0	0	972160	Mozilla/5.0 (Windows NT 5.1; rv:12.0) Gecko/20100101 Firefox/12.0
4	2	2	0	0	22745226	0	0	22745226	0	0	6322	Mozilla/5.0 (compatible; MSIE 10.0; Windows NT 6.1; WOW64; Trident/6.0)
4	2	1	0	0	22783146	0	0	22783146	0	0	4641	Mozilla/4.0 (compatible; MSIE 7.0; Windows NT 5.2;  SV1;  .NET CLR 1.1.4322;  .NET CLR 2.0.40607;  .NET CLR 3.0.30729)
4	3	2	0	1	22858545	0	22858545	22858545	0	22858545	42758	Mozilla/5.0 (Windows NT 6.0; WOW64) AppleWebKit/534.30 (KHTML, like Gecko) Chrome/12.0.742.91 Safari/534.30
4	70	10	0	30	22598226	0	22598226	22598226	0	22598226	2293220	Mozilla/5.0 (Windows NT 6.1; rv:12.0; WUID=b94710fd027dbeaa3cb409302d6fab4b; WTB=2937) Gecko/20100101 Firefox/12.0
4	0	0	0	4	0	0	22763660	0	0	22760845	0	Mozilla/5.0 (compatible; MSIE 9.0; Windows NT 7.1; Trident/5.0)
4	30	6	0	0	22886949	0	0	22797123	0	0	1357830	Mozilla/5.0 (Unknown; Linux x86_64) AppleWebKit/534.34 (KHTML, like Gecko) PhantomJS/1.8.1 Safari/534.34
4	20	20	0	0	22621213	0	0	22621213	0	0	60660	Mozilla/5.0 (Windows NT 5.1) AppleWebKit/534.24 (KHTML, like Gecko) Chrome/11.0.696.68 Safari/534.24
4	6	0	0	0	22748115	0	0	22748112	0	0	941174	Mozilla/5.0 (Linux; U; Android 4.0.4; en-us; Micromax A110 Build/IMM76D) AppleWebKit/534.30 (KHTML, like Gecko) Version/4.0 Mobile Safari/534.30
4	20	20	0	0	22621213	0	0	22621213	0	0	60660	Mozilla/4.0 (compatible; MSIE 8.0; Windows NT 6.1)
4	14	14	0	0	22881626	0	0	22600550	0	0	45107	Mozilla/4.0 (compatible; MSIE 6.0; Windows NT 5.1; SV1; .NET CLR 1.1.4322)
4	3	3	0	0	22880989	0	0	22858746	0	0	10686	Wget/1.12 (linux-gnu)
4	0	0	0	2	0	0	22763660	0	0	22763660	0	Mozilla/6.0 (Windows NT 6.2; WOW64; rv:16.0.1) Gecko/20121011 Firefox/16.0.1
4	2	2	0	0	22732594	0	0	22732594	0	0	7124	Mozilla/5.0 (68K) AppleWebKit/579.0 (KHTML, live Gecko) Chrome/14.0192.491 Safari/579
4	171	63	0	99	22600048	0	22600048	22599787	0	22599787	8719434	Mozilla/5.0 (Windows NT 6.1; rv:17.0) Gecko/20100101 Firefox/17.0
4	1	1	0	0	22847886	0	0	22847886	0	0	4134	Opera/9.80 (Windows NT 6.1; U; en) Presto/2.8.131 Version/11.10
4	1	1	0	0	22772403	0	0	22772403	0	0	4514	Opera/9.80 (Windows NT 5.1; U; en) Presto/2.9.168 Version/11.51
4	32	8	0	12	22764215	0	22764215	22752142	0	22764214	1924422	Mozilla/5.0 (Macintosh; Intel Mac OS X 10_7_5) AppleWebKit/536.28.10 (KHTML, like Gecko) Version/6.0.3 Safari/536.28.10
4	1	1	0	0	22858494	0	0	22858494	0	0	3562	Mozilla/5.0 (compatible; MSIE 9.0; Windows NT 6.1; WOW64; Trident/5.0) AppleWebKit/537.22 (KHTML, like Gecko) Chrome/25.0.1364.172 Safari/537.22
4	30	10	0	25	22803990	0	22803992	22803989	0	22803989	1147625	Mozilla/4.0 (compatible; MSIE 8.0; Windows NT 5.1; Trident/4.0; SIMBAR={A06F84DD-2310-11E1-824D-001A7333D8B7}; GTB7.4; InfoPath.2; .NET CLR 1.1.4322; .NET CLR 2.0.50727)
4	3	3	0	0	22815726	0	0	22815726	0	0	10686	Mozilla/5.0 (compatible; awcheckBot; +http://awcheck.com/en/about)
4	1	1	0	0	22879140	0	0	22879140	0	0	3562	crawler4j (http://code.google.com/p/crawler4j/)
4	2	2	0	0	22745226	0	0	22745226	0	0	7124	Mozilla/5.0 (Macintosh; U; Intel Mac OS X 10_6_7; en-US) AppleWebKit/534.16 (KHTML, like Gecko) Chrome/10.0.648.205 Safari/534.16
4	99	0	0	99	22860614	0	22860614	22675371	0	22675371	3319818	msnbot-media/1.1 (+http://search.msn.com/msnbot.htm)
4	15	3	0	3	22825744	0	22825744	22825744	0	22825744	678915	Mozilla/5.0 (Windows NT 6.1) AppleWebKit/537.36 (KHTML, like Gecko) Chrome/27.0.1453.94 Safari/537.36
4	5	5	0	5	22835960	0	22835960	22835133	0	22835133	17810	NCBot (http://netcomber.com : tool for finding true domain owners) Queries/complaints: bot@netcomber.com
4	20	20	0	7	22815209	0	22642398	22605959	0	22642398	65653	BlackBerry9000/4.6.0.167 Profile/MIDP-2.0 Configuration/CLDC-1.1 VendorID/102 ips-agent
4	1	1	0	0	22786694	0	0	22786694	0	0	3562	Mozilla/5.0 (Windows; U; Windows NT 5.1; en-US; rv:1.7.8) Gecko/20050511 Firefox/1.0.4
4	123	31	0	96	22811569	0	22811569	22800010	0	22800010	7754534	Mozilla/5.0 (Windows NT 6.1) AppleWebKit/537.31 (KHTML, like Gecko) Chrome/26.0.1410.64 Safari/537.31
4	0	0	0	2	0	0	22757171	0	0	22757171	0	Mozilla/5.0 (compatible; MSIE 10.0; Windows NT 6.1; Trident/6.0)
4	3	3	0	0	22669373	0	0	22669373	0	0	10686	Mozilla/5.0 (Windows; U; MSIE 9.0; Windows NT 9.0; en-US)
4	9	9	0	1	22600998	0	22873535	22600998	0	22873535	27297	Mozilla/4.0 (compatible; MSIE 6.0; Windows NT 5.1; SV1)
4	12	12	0	0	22633517	0	0	22633517	0	0	0	Opera/9.80 (Windows NT 6.1 x64; U; en) Presto/2.7.62 Version/11.00
4	3	3	0	0	22675211	0	0	22675211	0	0	10686	Mozilla/5.0 (Windows; U; Windows NT 5.1; en-US; rv:1.8.1.1) Gecko/20061204 Firefox/2.0.0.1
4	47	47	0	10	22703469	0	22598475	22598475	0	22598475	56151	Google-Site-Verification/1.0
4	2	0	0	0	22885852	0	0	22885852	0	0	245752	Mozilla/5.0 (Windows NT 5.1; rv:22.0) Gecko/20100101 Firefox/22.0
4	10	2	0	0	22728532	0	0	22728532	0	0	452610	Mozilla/5.0 (Windows NT 6.1) AppleWebKit/537.22 (KHTML, like Gecko) Chrome/25.0.1364.172 Safari/537.22
4	671	671	0	600	22887873	0	22887869	22606647	0	22606645	2079107	Mozilla/5.0 (compatible; bingbot/2.0; +http://www.bing.com/bingbot.htm)
4	8	8	0	0	22714376	0	0	22709354	0	0	26892	Mozilla/5.0 (X11; Ubuntu; Linux x86_64; rv:16.0) Gecko/20100101 Firefox/16.0
4	2	2	0	0	22721275	0	0	22721275	0	0	7124	Mozilla/4.0 (compatible; MSIE 7.0; Windows NT 6.0; Trident/5.0)
4	245	11	0	0	22867705	0	0	22598201	0	0	17249446	facebookexternalhit/1.1 (+http://www.facebook.com/externalhit_uatext.php)
4	260	198	0	31	22880088	0	22880088	22621405	0	22621405	1753293	Mozilla/4.0 (compatible; MSIE 7.0; Windows NT 5.2)
4	0	0	0	4	0	0	22763660	0	0	22760845	0	Mozilla/5.0 (Windows NT 6.1; rv:15.0) Gecko/20120716 Firefox/15.0a2
4	227	123	0	58	22602336	0	22599991	22598144	0	22598144	4147498	Mozilla/5.0 (X11; Linux x86_64; rv:10.0.6) Gecko/20120717 Firefox/10.0.6
4	2	0	0	0	22707993	0	0	22707993	0	0	245752	Mozilla/5.0 (iPhone; CPU iPhone OS 6_0_1 like Mac OS X) AppleWebKit/536.26 (KHTML, like Gecko) Version/6.0 Mobile/10A523 Safari/8536.25
4	16	16	0	0	22780091	0	0	22667260	0	0	57682	Mozilla/5.0 (Macintosh; Intel Mac OS X 10_7_1) AppleWebkit/535.1 (KHTML, like Gecko) Chrome/13.0.782.215 Safari/535.1
4	57	27	0	29	22858545	0	22846850	22598343	0	22843236	2604673	Mozilla/4.0 (compatible; MSIE 7.0; Windows NT 5.1)
4	180	20	0	70	22598236	0	22598236	22598236	0	22598236	10196320	Mozilla/5.0 (Windows NT 5.2) AppleWebKit/537.11 (KHTML, like Gecko) Chrome/23.0.1271.97 Safari/537.11
4	17	5	0	6	22844387	0	22780086	22780084	0	22780084	964832	Mozilla/5.0 (Windows NT 5.1; rv:20.0) Gecko/20100101 Firefox/20.0
4	2	0	0	0	22737440	0	0	22737440	0	0	363432	Mozilla/5.0 (Windows NT 5.1; rv:19.0) Gecko/20100101 Firefox/19.0
4	10	5	0	0	22807493	0	0	22807493	0	0	18205	Mozilla/4.0 (compatible; MSIE 7.0; Windows NT 5.1;  SLCC1;  .NET CLR 1.1.4325;  .NET CLR 2.0.40607;  .NET CLR 3.0.30729)
4	16	16	0	0	22764214	0	0	22752142	0	0	56992	Mozilla/5.0 (Macintosh; Intel Mac OS X) Word/14.0.0
4	3	3	0	0	22663961	0	0	22663961	0	0	10686	Mozilla/5.0 (compatible; MSIE 5.0; 68K; Win64; x64; Trident/2.0)
4	2	2	0	0	22696031	0	0	22696031	0	0	7124	Mozilla/5.0 (Windows NT 6.1) AppleWebKit/535.2 (KHTML, like Gecko) Chrome/18.6.872.0 Safari/535.2 UNTRUSTED/1.0 3gpp-gba UNTRUSTED/1.0
4	60	60	0	40	22659464	0	22659558	22610541	0	22610541	186314	Mozilla/4.0 (compatible; MSIE 7.0b; Windows NT 6.0)
4	3	3	0	0	22842178	0	0	22842177	0	0	9344	CatchBot/2.0; +http://www.catchbot.com
4	24	24	0	4	22721684	0	22721684	22721683	0	22721684	84612	Mozilla/5.0 (Windows NT 5.1; rv:14.0) Gecko/20100101 Firefox/14.0.1
4	3	3	0	0	22823227	0	0	22823227	0	0	10686	Mozilla/5.0 (Windows NT 6.1; WOW64; rv:19.0) Gecko/20100101 Firefox/19.0
4	6	6	0	0	22645932	0	0	22645932	0	0	21372	Mozilla/4.0 (compatible; MSIE 6.0; Windows NT 5.2; SV1; .NET CLR 1.1.4322)
4	76	60	0	36	22650502	0	22650502	22650501	0	22650501	2491768	panscient.com
4	0	0	0	13	0	0	22809964	0	0	22803065	0	Mozilla/4.0 (compatible; MSIE 6.0; Windows 98)
4	4	2	0	0	22747191	0	0	22747191	0	0	11186	Mozilla/4.0 (compatible; MSIE 7.0; Windows NT 5.2;  SLCC1;  .NET CLR 1.1.4322;  .NET CLR 2.0.50727;  .NET CLR 3.0.30729;  .NET CLR 3.5.30729;  InfoPath.2)
4	50	50	0	50	22874614	0	22874614	22626490	0	22626490	169636	Mozilla/5.0 (Windows; U; Windows NT 5.1; en; rv:1.9.0.13) Gecko/2009073022 Firefox/3.5.2 (.NET CLR 3.5.30729) SurveyBot/2.3 (DomainTools)
4	16	16	0	0	22603209	0	0	22603164	0	0	48528	Mozilla/5.0 (Windows; U; Windows NT 6.0; en-US; rv:1.9.0.6) Gecko/2009011913 Firefox/3.0.6 (.NET CLR 3.5.30729)
4	5	1	0	1	22878838	0	22878838	22878838	0	22878838	225963	Mozilla/5.0 (Windows NT 5.1; rv:17.0) Gecko/20100101 Firefox/17.0
4	6	6	0	0	22727263	0	0	22727263	0	0	22592	Mozilla/5.0 (Windows NT 6.1; WOW64; rv:6.0a2) Gecko/20110613 Firefox/6.0a2
4	5	1	0	0	22883457	0	0	22883457	0	0	226305	Mozilla/5.0 (X11; U; Linux x86_64; C) AppleWebKit/533.3 (KHTML, like Gecko) Qt/4.7.2 Safari/533.3
4	20	20	0	0	22621219	0	0	22621219	0	0	60660	Mozilla/5.0 (Windows NT 5.1; U; en) Opera 8.01
5	24	8	0	16	22714997	0	22714994	22714993	0	22714993	1480958	115.240.28.113
5	1	0	0	0	22858578	0	0	22858578	0	0	97461	82.80.234.134
5	504	461	0	262	22886350	0	22886349	22715224	0	22714893	2529211	199.21.99.74
5	32	32	0	0	22602952	0	0	22602952	0	0	87824	65.55.213.78
5	6	6	0	4	22885902	0	22885841	22849148	0	22849148	14248	66.249.72.199
5	24	24	0	8	22602952	0	22602628	22602628	0	22602628	80448	65.55.213.69
5	126	126	0	38	22859184	0	22859184	22605959	0	22605959	422587	69.58.178.58
5	35	35	0	10	22815209	0	22815209	22728025	0	22728025	123575	69.58.178.56
5	348	132	0	91	22631147	0	22631146	22628266	0	22631137	16073873	183.82.24.99
5	6	6	0	0	22745226	0	0	22745226	0	0	21714	176.9.89.12
5	2	1	0	0	22783677	0	0	22783677	0	0	4641	65.55.213.59
5	140	40	0	130	22598385	0	22598384	22598383	0	22598383	7405670	115.242.110.95
5	3	0	0	0	22830310	0	0	22830310	0	0	368628	124.253.0.11
5	4	3	0	4	22828365	0	22828365	22785777	0	22785777	11765	130.185.109.239
5	10	2	0	4	22726864	0	22726865	22726864	0	22726865	452610	115.245.178.240
5	126	36	0	72	22599556	0	22599557	22599555	0	22599555	4603545	101.63.104.171
5	4	0	0	4	22737734	0	22737734	22722403	0	22722403	5308	199.30.16.47
5	182	182	0	0	22637017	0	0	22607474	0	0	557296	92.241.245.126
5	4	2	0	0	22747191	0	0	22747191	0	0	11186	65.55.213.38
5	5	1	0	1	22878838	0	22878838	22878838	0	22878838	225963	117.223.226.209
5	0	0	0	2	0	0	22757171	0	0	22757171	0	93.109.111.48
5	3	3	0	0	22661540	0	0	22661540	0	0	10686	93.95.225.242
5	2	2	0	2	22789639	0	22789639	22772363	0	22772363	7124	216.145.11.94
5	2	1	0	0	22783146	0	0	22783146	0	0	4641	65.55.213.32
5	2	2	0	0	22761294	0	0	22761294	0	0	7124	184.154.121.138
5	4	4	0	4	22610541	0	22610541	22610541	0	22610541	12132	38.99.82.251
5	40	40	0	16	22610713	0	22610774	22610652	0	22610652	119744	38.99.82.250
5	3	3	0	3	22835133	0	22835133	22835133	0	22835133	10686	85.25.134.59
5	24	8	0	14	22763968	0	22763967	22763966	0	22763967	1479642	122.177.184.144
5	25	0	0	0	22609879	0	0	22599450	0	0	2436525	69.171.247.119
5	3	0	0	3	22828373	0	22828373	22828373	0	22828373	3237	130.185.109.210
5	10	0	0	0	22598201	0	0	22598201	0	0	31610	69.171.247.117
5	11	3	0	8	22860362	0	22860363	22860361	0	22860362	737259	223.236.78.211
5	2	2	0	2	22887873	0	22887869	22887670	0	22887659	3562	65.55.24.243
5	5	5	0	3	22659464	0	22659558	22659435	0	22659435	17591	38.99.82.237
5	8	0	0	0	22602668	0	0	22602668	0	0	779688	69.171.247.113
5	3	0	0	3	22820741	0	22820741	22820741	0	22820741	3981	199.30.16.20
5	130	50	0	80	22599503	0	22599503	22599502	0	22599503	7404160	117.205.80.195
5	1	1	0	1	22659311	0	22659311	22659311	0	22659311	3562	38.99.82.233
5	7	7	0	7	22722556	0	22722556	22675708	0	22675708	24934	64.246.165.190
5	3	3	0	3	22828405	0	22828404	22828405	0	22828404	7686	65.55.24.233
5	0	0	0	10	0	0	22598475	0	0	22598475	0	74.125.191.22
5	1	1	0	1	22863045	0	22863044	22863045	0	22863044	0	157.55.35.108
5	80	20	0	10	22598459	0	22598454	22598454	0	22598454	0	115.240.54.20
5	10	10	0	0	22598483	0	0	22598483	0	0	530	74.125.191.20
5	10	10	0	0	22598479	0	0	22598479	0	0	27360	74.125.191.18
5	3	0	0	3	22834633	0	22834633	22834633	0	22834633	3981	65.55.215.89
5	10	10	0	0	22598475	0	0	22598475	0	0	27360	74.125.191.17
5	10	0	0	0	22598201	0	0	22598201	0	0	974610	69.171.229.117
5	3	0	0	3	22860614	0	22860614	22843991	0	22843991	3981	65.55.215.88
5	4	4	0	2	22748036	0	22748034	22745447	0	22748034	10248	157.55.32.96
5	6	6	0	6	22644388	0	22644388	22644388	0	22644388	21372	64.246.165.180
5	10	10	0	0	22598201	0	0	22598201	0	0	26840	69.171.229.114
5	10	10	0	0	22638036	0	0	22638036	0	0	35620	178.33.142.58
5	8	8	0	4	22851049	0	22851048	22726306	0	22726305	20004	157.55.32.94
5	0	0	0	6	0	0	22696185	0	0	22649340	0	204.174.223.205
5	2	2	0	0	22732591	0	0	22732591	0	0	7124	91.123.198.158
5	6	6	0	4	22659463	0	22659553	22659320	0	22659320	21153	38.99.82.215
5	8	8	0	0	22641984	0	0	22641984	0	0	28496	178.33.142.55
5	1	1	0	0	22886349	0	0	22886349	0	0	3562	188.40.52.188
5	1	1	0	1	22849646	0	22849645	22849646	0	22849645	0	157.55.32.89
5	0	0	0	1	0	0	22855513	0	0	22855513	0	182.18.209.5
5	34	34	0	0	22625172	0	0	22625172	0	0	51561	178.33.142.52
5	0	0	0	1	0	0	22855513	0	0	22855513	0	182.18.209.4
5	10	2	0	2	22735067	0	22735067	22735067	0	22735067	452610	115.240.117.131
5	1	1	0	1	22883457	0	22883457	22883457	0	22883457	3562	66.249.84.137
5	0	0	0	1	0	0	22855513	0	0	22855513	0	182.18.209.3
5	10	0	0	0	22598201	0	0	22598201	0	0	7280	69.171.237.15
5	2	2	0	0	22652597	0	0	22652597	0	0	7124	178.33.142.48
5	3	0	0	3	22675371	0	22675371	22675371	0	22675371	292383	65.55.215.74
5	1	1	0	1	22859630	0	22859629	22859630	0	22859629	2562	157.55.32.82
5	0	0	0	1	0	0	22847942	0	0	22847942	0	95.241.106.161
5	16	16	0	15	22853706	0	22853705	22843692	0	22843688	54382	157.55.32.80
5	3	0	0	3	22825846	0	22825846	22825846	0	22825846	3981	65.55.215.70
5	14	14	0	12	22880898	0	22880898	22841215	0	22841215	46916	66.249.73.221
5	4	4	0	12	22610554	0	22610767	22610554	0	22610554	12132	38.99.82.191
5	9	0	0	0	22600924	0	0	22600924	0	0	877149	69.171.242.118
5	1	1	0	1	22874614	0	22874614	22874614	0	22874614	3562	64.246.165.160
5	19	0	0	0	22599607	0	0	22599453	0	0	1851759	69.171.242.117
5	2	2	0	2	22703292	0	22703290	22703292	0	22703290	6440	157.55.32.75
5	10	0	0	0	22599452	0	0	22599452	0	0	974610	69.171.242.115
5	2	2	0	2	22751618	0	22751618	22751618	0	22751618	7124	173.204.19.4
5	36	12	0	24	22821401	0	22821401	22821399	0	22821399	2219463	122.177.6.201
5	17	17	0	13	22772168	0	22772168	22718741	0	22718741	60554	66.249.73.215
5	0	0	0	2	0	0	22724364	0	0	22724364	0	46.148.30.227
5	1	1	0	1	22775582	0	22775582	22775582	0	22775582	3562	173.204.19.2
5	570	120	0	200	22598743	0	22598653	22598643	0	22598643	3660630	124.123.249.160
5	24	24	0	0	22621947	0	0	22610037	0	0	72792	110.75.172.120
5	2	0	0	2	22740942	0	22740942	22740942	0	22740942	245752	65.55.215.59
5	2	0	0	2	22764591	0	22764591	22764591	0	22764591	2654	65.55.215.57
5	16	16	0	16	22626490	0	22626490	22626490	0	22626490	48528	64.246.165.150
5	195	165	0	85	22710864	0	22710864	22602850	0	22602850	2629968	66.249.73.209
5	4	0	0	4	22764645	0	22764645	22752450	0	22752450	5308	65.55.215.56
5	2	0	0	2	22855688	0	22855688	22779882	0	22779882	304592	65.55.215.54
5	2	2	0	2	22851058	0	22851057	22777010	0	22777008	0	157.55.32.61
5	1	1	0	1	22884879	0	22884868	22884879	0	22884868	3220	157.55.32.60
5	8	4	0	1	22883457	0	22883457	22883457	0	22883457	229867	85.17.184.42
5	3	0	0	3	22817652	0	22817652	22817652	0	22817652	3981	65.55.215.47
5	9	9	0	0	22600723	0	0	22600723	0	0	27297	114.43.183.87
5	236	186	0	123	22888746	0	22888045	22720006	0	22720006	2161209	66.249.73.201
5	14	14	0	4	22743047	0	22743047	22743047	0	22743047	49430	50.31.96.8
5	1	0	0	1	22858651	0	22858651	22858651	0	22858651	122876	65.55.215.42
5	0	0	0	1	0	0	22858578	0	0	22858578	0	82.80.244.59
5	0	0	0	2	0	0	22716261	0	0	22716261	0	193.0.147.43
5	1	0	0	0	22858578	0	0	22858578	0	0	1327	82.80.244.56
5	1	0	0	1	22782496	0	22782496	22782496	0	22782496	1327	65.55.215.37
5	46	0	0	31	22802182	0	22801142	22737203	0	22736844	806760	37.140.141.27
5	1	1	0	0	22769410	0	0	22769410	0	0	3562	66.55.152.251
5	1	0	0	1	22858578	0	22858578	22858578	0	22858578	122876	82.80.244.53
5	9	9	0	0	22676966	0	0	22676966	0	0	33711	178.33.178.15
5	6	6	0	0	22727263	0	0	22727263	0	0	22592	178.33.178.14
5	3	3	0	0	22663182	0	0	22663182	0	0	10686	178.33.178.12
5	2	0	0	0	22699221	0	0	22699221	0	0	245752	59.99.80.72
5	0	0	0	2	0	0	22868468	0	0	22868468	0	157.55.32.39
5	2	2	0	0	22734144	0	0	22734144	0	0	7124	50.57.68.9
5	15	15	0	0	22667713	0	0	22633152	0	0	795	72.14.199.193
5	18	18	0	0	22600627	0	0	22600627	0	0	27297	82.235.56.238
5	300	40	0	130	22598236	0	22598236	22598235	0	22598235	17545240	115.248.252.53
5	227	123	0	58	22602336	0	22599991	22598144	0	22598144	4147498	115.248.252.52
5	1	1	0	1	22847982	0	22847980	22847982	0	22847980	2562	157.55.32.26
5	15	3	0	6	22687530	0	22687530	22687530	0	22687530	678915	115.248.252.51
5	6	2	0	1	22886949	0	22886949	22886949	0	22886949	229867	208.113.98.155
5	0	0	0	1	0	0	22873162	0	0	22873162	0	198.27.82.155
5	50	10	0	10	22805640	0	22805640	22805639	0	22805639	3663725	49.248.245.190
5	1	1	0	0	22879140	0	0	22879140	0	0	3562	123.81.249.98
5	30	10	0	0	22797123	0	0	22797123	0	0	1149335	208.113.98.151
5	126	54	0	81	22599790	0	22599789	22599787	0	22599787	6687450	117.201.86.137
5	2	2	0	0	22731243	0	0	22731243	0	0	7124	141.255.184.209
5	1	1	0	1	22877909	0	22877909	22877909	0	22877909	3562	65.181.124.121
5	3	3	0	0	22823227	0	0	22823227	0	0	10686	50.18.101.60
5	1	0	0	0	22843270	0	0	22843270	0	0	122876	117.214.55.111
5	27	27	0	0	22602206	0	0	22599331	0	0	77171	198.186.192.44
5	3	3	0	0	22690326	0	0	22690326	0	0	10686	50.57.104.33
5	13	5	0	28	22864934	0	22864941	22864932	0	22864932	743041	115.240.117.4
5	1	0	0	0	22844703	0	0	22844703	0	0	122876	5.150.100.137
5	9	0	0	0	22599763	0	0	22599763	0	0	877149	66.220.158.117
5	0	0	0	1	0	0	22851353	0	0	22851353	0	54.226.235.243
5	18	6	0	3	22680266	0	22680266	22680266	0	22680266	688398	183.82.26.26
5	15	3	0	6	22671665	0	22671674	22671665	0	22671665	678915	115.242.45.114
5	1	0	0	0	22776513	0	0	22776513	0	0	122876	115.240.13.159
5	26	10	0	12	22764215	0	22764215	22764214	0	22764214	1486862	117.212.71.97
5	4	0	0	4	22740978	0	22740977	22725219	0	22725219	726864	199.30.16.9
5	1	1	0	1	22660195	0	22660195	22660195	0	22660195	3562	64.246.161.42
5	1	0	0	1	22779961	0	22779961	22779961	0	22779961	181716	199.30.16.6
5	90	18	0	0	22599897	0	0	22599896	0	0	6585228	101.208.17.139
5	1	1	0	0	22848013	0	0	22848013	0	0	3562	216.172.54.37
5	2	2	0	0	22702139	0	0	22702139	0	0	7124	5.9.188.166
5	2	2	0	0	22842999	0	0	22773423	0	0	7124	46.165.230.206
5	8	1	0	6	22867317	0	22867318	22867317	0	22867318	577514	122.164.141.156
5	7	1	0	5	22846850	0	22846850	22846850	0	22846850	508846	176.195.13.225
5	2	2	0	2	22738506	0	22738506	22738506	0	22738506	7124	64.246.161.30
5	9	9	0	0	22600998	0	0	22600998	0	0	27297	205.186.155.78
5	4	4	0	0	22811944	0	0	22811944	0	0	14248	23.20.122.134
5	9	0	0	0	22599605	0	0	22599605	0	0	877149	66.220.152.3
5	1	1	0	1	22879727	0	22879726	22879727	0	22879726	3220	157.55.32.229
5	10	0	0	0	22599453	0	0	22599453	0	0	974610	66.220.152.1
5	3	3	0	0	22842178	0	0	22842177	0	0	9344	208.77.221.210
5	1	0	0	0	22616940	0	0	22616940	0	0	97461	66.220.152.0
5	7	7	0	7	22805970	0	22805970	22752904	0	22752904	24934	66.249.76.35
5	15	3	0	3	22663332	0	22663332	22663332	0	22663332	0	115.242.1.186
5	1	1	0	1	22853957	0	22853957	22853957	0	22853957	4514	65.55.52.94
5	9	9	0	0	22638970	0	0	22638970	0	0	32058	91.222.136.6
5	45	39	0	0	22780092	0	0	22667260	0	0	996996	216.38.216.101
5	0	0	0	2	0	0	22772726	0	0	22772724	0	65.55.52.92
5	25	0	0	25	22812440	0	22812440	22791186	0	22791186	33175	65.55.215.108
5	8	6	0	1	22842064	0	22842064	22842064	0	22842064	57256	38.100.21.67
5	6	6	0	6	22651983	0	22651983	22651377	0	22651377	21372	66.249.76.22
5	15	3	0	0	22612398	0	0	22612398	0	0	677328	101.63.21.60
5	3	0	0	3	22830062	0	22830062	22830062	0	22830062	3981	65.55.215.105
5	24	18	0	3	22880088	0	22880088	22752710	0	22752710	171768	38.100.21.66
5	40	30	0	5	22798637	0	22798637	22798637	0	22798637	286280	38.100.21.65
5	6	0	0	6	22769580	0	22769580	22690384	0	22690384	7962	65.55.215.104
5	28	24	0	2	22711294	0	22711294	22678946	0	22711294	155909	38.100.21.64
5	3	3	0	0	22822143	0	0	22822143	0	0	9660	192.157.249.88
5	160	120	0	20	22621405	0	22621405	22621405	0	22621405	1082080	38.100.21.62
5	80	80	0	0	22621307	0	0	22621209	0	0	242640	208.80.194.149
5	5	5	0	0	22881626	0	0	22667138	0	0	17810	96.227.124.38
5	3	3	0	0	22821070	0	0	22821070	0	0	10686	94.23.233.35
5	76	60	0	36	22650502	0	22650502	22650501	0	22650501	2491768	96.224.208.225
5	10	10	0	6	22738764	0	22734008	22704588	0	22704586	20496	157.55.32.184
5	4	4	0	0	22763169	0	0	22763169	0	0	13564	206.225.83.83
5	60	60	0	0	22621278	0	0	22621213	0	0	181980	208.80.194.142
5	29	29	0	0	22621219	0	0	22599664	0	0	87957	208.80.194.140
5	10	0	0	0	22599493	0	0	22599493	0	0	974610	173.252.100.119
5	3	3	0	0	22672032	0	0	22672032	0	0	10686	85.25.110.133
5	20	0	0	0	22599450	0	0	22598201	0	0	987880	173.252.100.115
5	10	0	0	0	22598201	0	0	22598201	0	0	1228760	173.252.100.114
5	111	21	0	39	22661603	0	22661603	22661571	0	22661571	2229123	115.240.19.137
5	4	4	0	0	22847886	0	0	22847886	0	0	15371	176.31.14.28
5	30	6	0	21	22827257	0	22827257	22827257	0	22827257	2198235	182.68.204.126
5	2	0	0	0	22723369	0	0	22723369	0	0	245752	182.72.40.178
5	6	0	0	0	22702330	0	0	22702329	0	0	726408	14.97.108.244
5	1	1	0	0	22855968	0	0	22855968	0	0	3562	89.184.75.130
5	2	2	0	2	22756076	0	22756076	22756076	0	22756076	7124	216.145.14.142
5	12	4	0	6	22780086	0	22780086	22780084	0	22780084	738527	115.241.231.36
5	70	30	0	40	22801340	0	22801340	22801339	0	22801339	3731010	115.249.217.156
5	7	1	0	6	22846577	0	22846577	22846577	0	22846577	508846	95.220.130.50
5	2	2	0	0	22615758	0	0	22615758	0	0	6066	85.25.110.112
5	11	3	0	10	22886481	0	22886481	22886430	0	22886430	735965	182.68.68.176
5	0	0	0	1	0	0	22873535	0	0	22873535	0	178.121.123.108
5	6	6	0	0	22606719	0	0	22606719	0	0	18198	85.25.110.104
5	6	6	0	6	22606647	0	22606645	22606647	0	22606645	18198	157.55.36.54
5	1	1	0	0	22786694	0	0	22786694	0	0	3562	50.19.195.63
5	6	6	0	6	22755770	0	22755768	22751852	0	22751850	10248	157.55.33.253
5	8	8	0	2	22738741	0	22735482	22735484	0	22735482	34592	157.55.36.52
5	1	1	0	1	22872760	0	22872758	22872760	0	22872758	3562	157.55.36.50
5	26	10	0	14	22729817	0	22729819	22729814	0	22729815	1485964	42.110.229.158
5	2	2	0	0	22702479	0	0	22702479	0	0	7124	91.229.76.95
5	1	1	0	0	22659913	0	0	22659913	0	0	3562	74.125.187.220
5	1	1	0	1	22785765	0	22785765	22785765	0	22785765	3562	77.78.109.71
5	9	1	0	2	22864446	0	22864446	22864413	0	22864413	253603	183.82.25.252
5	0	0	0	2	0	0	22694478	0	0	22694478	0	74.125.187.218
5	0	0	0	1	0	0	22765981	0	0	22765981	0	80.79.119.210
5	1	0	0	0	22888018	0	0	22888018	0	0	122876	182.71.254.142
5	19	19	0	0	22621950	0	0	22621950	0	0	57627	85.25.154.15
5	0	0	0	2	0	0	22838240	0	0	22838240	0	66.249.75.219
5	3	3	0	0	22829339	0	0	22829339	0	0	10686	46.229.165.195
5	55	55	0	42	22780986	0	22781137	22748649	0	22748647	188786	157.55.36.35
5	65	13	0	38	22825744	0	22825744	22805547	0	22805548	4342640	213.236.59.6
5	242	242	0	223	22821898	0	22821897	22781449	0	22781437	844194	157.55.32.117
5	0	0	0	14	0	0	22604360	0	0	22604359	0	41.234.136.111
5	246	213	0	105	22835193	0	22835193	22750051	0	22750051	370329	66.249.75.199
5	1	0	0	0	22882008	0	0	22882008	0	0	181716	59.181.118.114
5	32	24	0	8	22611322	0	22611322	22611322	0	22611322	1214268	206.183.1.74
5	547	367	0	240	22665729	0	22667713	22598486	0	22598486	16282983	66.249.75.196
5	0	0	0	16	0	0	22821409	0	0	22797480	0	157.55.32.110
5	9	9	0	0	22878730	0	0	22737611	0	0	477	209.85.238.72
5	7	1	0	6	22843236	0	22843236	22843236	0	22843236	508846	95.220.170.218
5	8	8	0	8	22806569	0	22806569	22691013	0	22691013	28496	64.246.178.34
5	2	2	0	0	22761226	0	0	22761226	0	0	7124	54.234.215.243
5	0	0	0	2	0	0	22880071	0	0	22880070	0	198.27.66.38
5	3	3	0	0	22816914	0	0	22816914	0	0	10686	66.26.231.69
5	2	2	0	0	22732594	0	0	22732594	0	0	7124	198.100.148.225
5	1	1	0	1	22877950	0	22877947	22877950	0	22877947	4514	157.56.229.190
5	0	0	0	10	0	0	22599455	0	0	22599455	0	74.125.187.173
5	61	61	0	50	22825003	0	22825003	22770279	0	22771600	172866	157.56.229.188
5	13	13	0	0	22631137	0	0	22631137	0	0	39429	74.125.187.171
5	93	93	0	81	22748122	0	22748120	22664185	0	22664183	299208	157.56.229.185
5	20	20	0	0	22598343	0	0	22598343	0	0	54720	38.100.21.119
5	6	6	0	0	22645932	0	0	22645932	0	0	21372	109.172.77.26
5	0	0	0	10	0	0	22598483	0	0	22598483	0	74.125.187.164
5	13	5	0	8	22848765	0	22848764	22848764	0	22848764	741688	122.177.215.143
5	7	1	0	6	22844516	0	22844516	22844516	0	22844516	508846	95.220.152.196
5	170	54	0	15	22603842	0	22603842	22602878	0	22602878	8624993	183.82.25.85
5	17	0	0	0	22625733	0	0	22625733	0	0	18343	66.54.75.224
5	1	1	0	0	22844702	0	0	22844702	0	0	3562	50.57.190.50
5	4	4	0	4	22857382	0	22857382	22823803	0	22823803	14248	64.246.165.50
5	1	0	0	0	22785347	0	0	22785347	0	0	122876	81.104.8.207
5	3	0	0	0	22833438	0	0	22833438	0	0	368628	180.215.113.177
5	0	0	0	17	0	0	22625733	0	0	22625733	0	66.54.75.220
5	8	8	0	2	22696031	0	22696031	22696031	0	22696031	26956	5.135.125.181
5	2	0	0	0	22719007	0	0	22719007	0	0	245752	27.106.110.231
5	12	12	0	0	22821124	0	0	22821124	0	0	41397	5.135.125.180
5	9	9	0	0	22600550	0	0	22600550	0	0	27297	60.247.94.106
5	4	4	0	0	22772403	0	0	22772403	0	0	14772	5.135.125.178
5	6	0	0	6	22684080	0	22684080	22676818	0	22676818	7962	199.30.20.139
5	9	0	0	0	22599965	0	0	22599965	0	0	877149	173.252.101.114
5	40	8	0	0	22602499	0	0	22602499	0	0	1806208	183.82.27.5
5	15	15	0	0	22628497	0	0	22628497	0	0	45495	110.75.176.13
5	2	0	0	0	22709197	0	0	22709197	0	0	245752	122.169.36.171
5	2	0	0	0	22737440	0	0	22737440	0	0	363432	77.28.32.117
5	139	111	0	81	22707216	0	22707216	22602989	0	22602989	1909089	66.249.73.33
5	30	10	0	25	22803990	0	22803992	22803989	0	22803989	1147625	121.246.217.26
5	17	0	0	0	22625733	0	0	22625733	0	0	22559	66.54.75.188
5	3	3	0	0	22663961	0	0	22663961	0	0	10686	78.46.145.195
5	3	3	0	0	22677569	0	0	22677569	0	0	10686	198.27.74.11
5	60	0	0	0	22598476	0	0	22598476	0	0	2265860	74.125.16.95
5	28	12	0	4	22611147	0	22611147	22611147	0	22611147	928080	183.82.25.55
5	34	17	0	0	22625733	0	0	22625733	0	0	2156722	66.54.75.185
5	10	10	0	0	22598476	0	0	22598476	0	0	27360	74.125.16.93
5	17	0	0	0	22625733	0	0	22625733	0	0	1656837	66.54.75.183
5	9	9	0	0	22640050	0	0	22640050	0	0	32058	78.46.145.200
5	0	0	0	10	0	0	22599456	0	0	22599456	0	74.125.16.90
5	1	0	0	1	22774478	0	22774478	22774478	0	22774478	1327	199.30.20.119
5	7	1	0	6	22846072	0	22846072	22846072	0	22846072	508846	176.195.179.211
5	8	6	0	1	22858545	0	22858545	22858545	0	22858545	57256	62.219.8.230
5	4	0	0	4	22712395	0	22712395	22697911	0	22697911	5308	199.30.20.117
5	2	0	0	0	22885852	0	0	22885852	0	0	245752	106.51.87.182
5	9	9	0	0	22601105	0	0	22601105	0	0	27297	199.30.228.140
5	1	1	0	0	22858494	0	0	22858494	0	0	3562	192.114.71.13
5	1	0	0	1	22786841	0	22786841	22786841	0	22786841	1327	199.30.20.113
5	11	11	0	3	22714376	0	22681311	22681311	0	22681311	37578	173.51.253.56
5	25	5	0	5	22800010	0	22800010	22800010	0	22800010	1131525	122.162.6.233
5	22	14	0	0	22752142	0	0	22752142	0	0	494552	117.212.74.232
5	5	1	0	0	22844387	0	0	22844387	0	0	226305	122.176.213.239
5	9	9	0	0	22600369	0	0	22600369	0	0	27297	66.249.16.212
5	0	0	0	12	0	0	22606690	0	0	22606688	0	157.55.33.88
5	3	3	0	0	22880989	0	0	22858746	0	0	10686	198.71.58.113
5	95	19	0	19	22622787	0	22622787	22622787	0	22622787	4289744	183.82.25.22
5	8	0	0	0	22748115	0	0	22748111	0	0	1304606	27.61.125.6
5	1	0	0	0	22866380	0	0	22866380	0	0	122876	59.177.140.254
5	10	10	0	5	22808056	0	22801813	22801815	0	22801813	12810	157.55.33.80
5	4	4	0	4	22730822	0	22730820	22722514	0	22722513	8268	157.55.33.79
5	5	1	0	1	22616980	0	22616980	22616980	0	22616980	225776	183.82.25.17
5	5	5	0	5	22808007	0	22808005	22808007	0	22808005	15805	157.55.33.77
5	43	35	0	22	22821187	0	22821087	22752887	0	22752887	108614	66.249.76.199
5	1	1	0	1	22839833	0	22839833	22839833	0	22839833	3220	157.55.33.111
5	13	13	0	13	22651469	0	22651469	22646218	0	22646218	46306	66.249.76.196
5	0	0	0	3	0	0	22688971	0	0	22688971	0	199.47.149.2
5	11	11	0	3	22791814	0	22779676	22765268	0	22765266	31610	157.56.92.164
5	3	3	0	0	22669978	0	0	22669978	0	0	10686	54.242.196.211
5	6	2	0	1	22658990	0	22658990	22658990	0	22658990	229466	183.82.27.94
5	0	0	0	2	0	0	22737111	0	0	22737111	0	37.57.25.55
5	2	2	0	2	22706305	0	22723284	22706305	0	22723284	7124	82.146.40.6
5	5	1	0	0	22887783	0	0	22887783	0	0	226305	106.77.252.113
5	1	1	0	0	22778101	0	0	22778101	0	0	3220	157.56.92.151
5	19	19	0	0	22857745	0	0	22640542	0	0	67678	64.202.161.46
5	2	2	0	0	22759357	0	0	22759357	0	0	6322	217.195.202.2
5	21	21	0	0	22813041	0	0	22640542	0	0	74802	64.202.161.41
5	8	8	0	0	22641043	0	0	22641043	0	0	28496	124.150.140.33
5	0	0	0	1	0	0	22845114	0	0	22845114	0	65.49.23.115
5	1	0	0	1	22855889	0	22855889	22855889	0	22855889	122876	199.30.20.37
5	0	0	0	13	0	0	22809964	0	0	22803065	0	209.114.35.216
5	2	0	0	2	22760943	0	22760943	22760943	0	22760943	2654	199.30.20.36
5	48	48	0	24	22828593	0	22828154	22782869	0	22782869	147744	66.249.75.35
5	4	4	0	0	22705539	0	0	22699019	0	0	14248	199.217.115.189
5	1	0	0	1	22783487	0	22783487	22783487	0	22783487	97461	199.30.20.32
5	2	2	0	2	22705519	0	22705519	22705519	0	22705519	7124	75.101.181.182
5	0	0	0	6	0	0	22760845	0	0	22760845	0	195.45.76.212
5	0	0	0	4	0	0	22857375	0	0	22833496	0	88.198.184.253
5	6	6	0	6	22676277	0	22676277	22676277	0	22676277	21372	50.18.243.73
5	18	9	0	0	22811752	0	0	22807540	0	0	38396	131.253.24.92
5	1	0	0	1	22780542	0	22780542	22780542	0	22780542	97461	199.30.20.25
5	3	0	0	3	22683613	0	22683613	22683613	0	22683613	292383	199.30.20.23
5	5	5	0	5	22804063	0	22804061	22804063	0	22804061	0	157.56.229.88
5	415	122	3	145	22841785	22814525	22841785	22694476	22814525	22694476	20010006	182.72.242.161
5	379	284	0	130	22677066	0	22677066	22602560	0	22602560	6705515	66.249.75.22
5	3	3	0	0	22843745	0	0	22718880	0	0	10686	74.52.245.146
5	5	1	0	1	22840115	0	22840116	22840115	0	22840116	225963	122.175.30.181
5	1	1	0	1	22851457	0	22851456	22851457	0	22851456	3562	157.56.93.225
5	3320	1150	0	1680	22599517	0	22599457	22598186	0	22598186	25915630	183.82.27.42
5	20	4	0	0	22808477	0	0	22808477	0	0	1303212	131.253.24.77
5	4	4	0	1	22869522	0	22867938	22867940	0	22867938	4514	157.56.93.95
5	3	3	0	0	22669373	0	0	22669373	0	0	10686	91.207.6.18
5	2	2	0	2	22872431	0	22872413	22871289	0	22871286	0	157.56.93.94
5	70	10	0	30	22598226	0	22598226	22598226	0	22598226	2293220	106.211.105.26
5	0	0	0	6	0	0	22763660	0	0	22763660	0	123.23.165.171
5	2	2	0	0	22709769	0	0	22709769	0	0	7124	199.48.147.39
5	45	9	0	18	22600048	0	22600048	22600048	0	22600048	2031984	207.181.215.137
5	6	0	0	6	22683180	0	22683180	22676196	0	22676196	737256	199.30.20.6
5	20	0	0	0	22598201	0	0	22598201	0	0	1006220	69.171.233.4
5	3	3	0	3	22832328	0	22832328	22832328	0	22832328	9660	157.55.35.93
5	20	0	0	0	22598201	0	0	22598201	0	0	1242030	69.171.233.3
5	4	0	0	0	22811293	0	0	22811293	0	0	491504	122.177.251.59
5	8	4	0	0	22808695	0	0	22808695	0	0	22372	131.253.24.67
5	10	0	0	0	22598201	0	0	22598201	0	0	7280	69.171.233.1
5	2	2	0	2	22847379	0	22847378	22845133	0	22845132	3220	157.55.35.88
5	2	2	0	0	22703469	0	0	22703469	0	0	106	72.14.199.42
5	1	0	0	0	22847165	0	0	22847165	0	0	122876	120.61.191.224
5	24	24	0	4	22721684	0	22721684	22721683	0	22721684	84612	109.163.230.228
5	2	2	0	2	22835960	0	22835960	22835960	0	22835960	7124	85.25.137.24
5	2	0	0	0	22719551	0	0	22719551	0	0	245752	122.167.11.160
5	0	0	0	2	0	0	22717076	0	0	22717076	0	193.106.31.57
5	12	12	0	12	22875967	0	22875967	22800349	0	22800348	19320	157.56.93.205
5	2	2	0	2	22718164	0	22718161	22718164	0	22718161	8268	157.56.93.194
5	2	0	0	0	22854753	0	0	22854735	0	0	245752	183.83.128.96
5	3	3	0	0	22834808	0	0	22834808	0	0	159	72.14.199.35
5	14	14	0	12	22760269	0	22760267	22706806	0	22706805	31610	157.56.93.191
5	2	2	0	2	22873217	0	22873211	22872549	0	22872548	2562	157.56.93.72
5	0	0	0	6	0	0	22759954	0	0	22759954	0	95.110.96.243
5	3	3	0	0	22815726	0	0	22815726	0	0	10686	46.105.250.44
5	3	3	0	0	22675211	0	0	22675211	0	0	10686	69.64.58.188
5	4	4	0	0	22740007	0	0	22740007	0	0	14248	198.58.95.135
5	10	2	0	0	22728532	0	0	22728532	0	0	452610	106.204.35.203
5	2	2	0	2	22835699	0	22835696	22835699	0	22835696	5124	157.56.93.60
5	1	0	0	0	22867704	0	0	22867704	0	0	1327	69.171.230.246
5	1	0	0	0	22867704	0	0	22867704	0	0	122876	69.171.230.244
5	10	5	0	0	22807493	0	0	22807493	0	0	18205	131.253.24.36
5	0	0	0	4	0	0	22740652	0	0	22740652	0	193.186.15.53
5	2	1	0	0	22867704	0	0	22867704	0	0	4547	69.171.228.118
5	1	0	0	0	22867705	0	0	22867705	0	0	9000	69.171.228.117
5	0	0	0	16	0	0	22748020	0	0	22722301	0	65.55.52.117
5	1	0	0	0	22867704	0	0	22867704	0	0	1327	69.171.228.116
5	15	3	0	0	22826698	0	0	22826698	0	0	678915	50.31.96.13
5	1	1	0	1	22858690	0	22858689	22858690	0	22858689	0	157.56.93.41
5	22	6	0	16	22752720	0	22752722	22752719	0	22752719	1471812	117.234.67.181
5	13	13	0	7	22775545	0	22775543	22699393	0	22699392	34788	157.55.35.46
5	4	4	0	0	22885595	0	0	22885595	0	0	14248	188.121.41.5
5	10	2	0	2	22743500	0	22743500	22743500	0	22743500	452610	180.151.1.114
5	30	6	0	18	22607043	0	22607044	22607043	0	22607043	1354656	115.241.141.65
5	6	6	0	0	22815190	0	0	22815190	0	0	20346	216.13.106.198
5	1	1	0	1	22843360	0	22843357	22843360	0	22843357	3562	157.56.93.153
5	1	1	0	1	22840049	0	22840049	22840049	0	22840049	3562	216.145.17.190
5	16	16	0	0	22613810	0	0	22612773	0	0	24264	178.32.77.82
5	15	3	0	3	22677361	0	22677361	22677361	0	22677361	678915	183.82.25.8
5	64	64	0	0	22633517	0	0	22620926	0	0	103404	178.32.77.81
5	35	35	0	25	22842809	0	22842809	22742441	0	22742439	116956	157.55.35.38
5	1	1	0	1	22869520	0	22869519	22869520	0	22869519	3220	157.55.35.36
5	16	16	0	0	22603209	0	0	22603164	0	0	48528	38.229.70.44
5	2	2	0	0	22721275	0	0	22721275	0	0	7124	79.143.179.238
5	2	0	0	0	22707993	0	0	22707993	0	0	245752	1.38.17.91
5	33	9	0	36	22682090	0	22682090	22682089	0	22682089	2207895	117.207.187.236
5	1	0	0	0	22858578	0	0	22858578	0	0	181716	82.80.234.142
5	22	6	0	2	22765173	0	22765170	22765170	0	22765170	1465490	141.0.8.128
5	0	0	0	1	0	0	22858578	0	0	22858578	0	82.80.234.140
5	48	16	0	56	22811569	0	22811569	22811567	0	22811568	2959284	121.245.125.216
5	0	0	0	1	0	0	22858578	0	0	22858578	0	82.80.234.138
5	0	0	0	1	0	0	22858578	0	0	22858578	0	82.80.234.137
z	0	4015	1518	22888045	0
z	1	30	0	22598236	30
z	2	49	49	22878730	2597
z	3	181	70	22864446	99658
z	4	6355	5033	22888746	18537159
z	5	1221	0	22887783	95723947
z	6	1033	0	22888018	159843631
c	200	8530	22888746
c	206	407	22867705
c	301	3	22814525
c	304	3947	22888045
c	404	5550	22888045
